148
Landoltia_punctata_strain_7248     0.0000000 0.0100208 0.0100355 0.0100208 0.0923323 0.0972940 0.1028266 0.0864007 0.0892290 0.0877013 0.0850955 0.0850955 0.0826581 0.0826581 0.0823455 0.0856587 0.0823455 0.0823455 0.0849683 0.0855065 0.0861247 0.0825063 0.0824965 0.0824965 0.0849683 0.0826482 0.0823455 0.1051101 0.1051101 0.1051101 0.1099810 0.1051101 0.1023375 0.1023375 0.0998332 0.0917630 0.0896121 0.1028917 0.0926966 0.0928703 0.0928703 0.0942792 0.0980368 0.0852452 0.0852452 0.0836072 0.0829925 0.0829925 0.0831459 0.0831459 0.1102051 0.0988851 0.1082176 0.1053048 0.1053048 0.1023987 0.1053048 0.0990692 0.1053048 0.1102051 0.1102051 0.1051101 0.0651097 0.0652255 0.0651531 0.0651531 0.0674373 0.0674373 0.0678844 0.0656601 0.0680062 0.0680062 0.0656601 0.0628924 0.1234164 0.1181510 0.1205829 0.1183781 0.1245061 0.1216681 0.1219957 0.1166171 0.1182504 0.1182504 0.1004966 0.1201466 0.1203770 0.1220843 0.1048919 0.1048919 0.1050872 0.1050872 0.1320984 0.1323564 0.1323564 0.1413869 0.1315890 0.1327294 0.1341955 0.1341955 0.1344566 0.1361093 0.1254198 0.1145782 0.1225811 0.1201466 0.1147962 0.1230996 0.1230996 0.1203770 0.1099501 0.1099501 0.1099501 0.1099501 0.1099501 0.1099501 0.1099501 0.1254198 0.1203770 0.1201466 0.1155101 0.1126614 0.1126614 0.0978205 0.1270209 0.1270209 0.0993348 0.1269459 0.0995250 0.1013931 0.1182673 0.1182673 0.1047577 0.1049556 0.1048028 0.0995250 0.1157913 0.0991453 0.1157318 0.1155101 0.1155101 0.1179777 0.1069252 0.0987513 0.1098432 0.1127796 0.1342623 0.1127261 
Landoltia_punctata_strain_7260     0.0100208 0.0000000 0.0000010 0.0000010 0.0919959 0.0969782 0.0998297 0.0889473 0.0890605 0.0825063 0.0799549 0.0799549 0.0775625 0.0775625 0.0796998 0.0828841 0.0796998 0.0796998 0.0820974 0.0826132 0.0832054 0.0774215 0.0798451 0.0798451 0.0820974 0.0799908 0.0796998 0.0997337 0.0997337 0.0997337 0.1043098 0.0997337 0.0967927 0.0967927 0.0943293 0.0915892 0.0894423 0.1062306 0.0900821 0.0900821 0.0900821 0.0916105 0.0925075 0.0800985 0.0800985 0.0784513 0.0778802 0.0778802 0.0780227 0.0780227 0.1047366 0.0935531 0.1027715 0.0999167 0.0999167 0.0997696 0.0999167 0.0937256 0.0999167 0.1047366 0.1047366 0.0997337 0.0699055 0.0674358 0.0675998 0.0675998 0.0699055 0.0699055 0.0703678 0.0677630 0.0678828 0.0678828 0.0677630 0.0676540 0.1236074 0.1231789 0.1205586 0.1234164 0.1246985 0.1218601 0.1270931 0.1216681 0.1179258 0.1179258 0.1002077 0.1232900 0.1235274 0.1252868 0.1022189 0.1022189 0.1024084 0.1024084 0.1317562 0.1320132 0.1320132 0.1410288 0.1312486 0.1323849 0.1338519 0.1338519 0.1341121 0.1357593 0.1250856 0.1176672 0.1282055 0.1232900 0.1178920 0.1260081 0.1260081 0.1235274 0.1126098 0.1126098 0.1126098 0.1126098 0.1126098 0.1126098 0.1126098 0.1250856 0.1235274 0.1232900 0.1127034 0.1098818 0.1098818 0.1003557 0.1238772 0.1238772 0.0994215 0.1238068 0.0996119 0.1011047 0.1154328 0.1154328 0.1020447 0.1022366 0.1020864 0.0996119 0.1129744 0.0992317 0.1129187 0.1127034 0.1127034 0.1151534 0.1066167 0.0984721 0.1070897 0.1099958 0.1343737 0.1099459 
Landoltia_punctata_strain_7449     0.0100355 0.0000010 0.0000000 0.0000010 0.0921710 0.0971635 0.0998297 0.0889473 0.0892290 0.0826581 0.0801013 0.0801013 0.0775625 0.0775625 0.0798451 0.0830410 0.0798451 0.0798451 0.0820974 0.0827651 0.0833596 0.0775625 0.0798451 0.0798451 0.0822475 0.0799908 0.0798451 0.0999167 0.0999167 0.0999167 0.1045097 0.0999167 0.0969769 0.0969769 0.0945085 0.0917630 0.0868806 0.1065024 0.0902501 0.0902501 0.0902501 0.0917842 0.0926847 0.0802453 0.0802453 0.0785959 0.0780227 0.0780227 0.0780227 0.0780227 0.1049300 0.0937256 0.1029613 0.1001003 0.1001003 0.0999526 0.0999167 0.0938987 0.0999167 0.1049300 0.1049300 0.0999167 0.0699055 0.0674358 0.0675998 0.0675998 0.0699055 0.0699055 0.0703678 0.0677630 0.0678828 0.0678828 0.0677630 0.0677751 0.1238461 0.1234164 0.1207901 0.1234164 0.1249414 0.1220965 0.1273406 0.1216681 0.1181558 0.1181558 0.1003965 0.1235274 0.1235274 0.1255318 0.1024084 0.1024084 0.1024084 0.1024084 0.1320132 0.1320132 0.1320132 0.1410288 0.1312486 0.1323849 0.1341121 0.1341121 0.1341121 0.1360263 0.1250856 0.1178920 0.1284531 0.1235274 0.1178920 0.1260081 0.1260081 0.1235274 0.1128248 0.1128248 0.1128248 0.1128248 0.1128248 0.1128248 0.1128248 0.1250856 0.1237657 0.1235274 0.1129187 0.1100907 0.1100907 0.1003557 0.1238772 0.1238772 0.0996119 0.1238068 0.0996119 0.1011047 0.1154328 0.1154328 0.1020447 0.1022366 0.1020864 0.0996119 0.1129744 0.0994215 0.1129187 0.1129187 0.1129187 0.1153739 0.1066167 0.0984721 0.1072924 0.1102053 0.1346458 0.1101550 
Landoltia_punctata_strain_7487     0.0100208 0.0000010 0.0000010 0.0000000 0.0919959 0.0969782 0.0998297 0.0889473 0.0890605 0.0825063 0.0799549 0.0799549 0.0775625 0.0775625 0.0796998 0.0828841 0.0796998 0.0796998 0.0820974 0.0826132 0.0832054 0.0774215 0.0798451 0.0798451 0.0820974 0.0799908 0.0796998 0.0997337 0.0997337 0.0997337 0.1043098 0.0997337 0.0967927 0.0967927 0.0943293 0.0915892 0.0894423 0.1062306 0.0900821 0.0900821 0.0900821 0.0916105 0.0925075 0.0800985 0.0800985 0.0784513 0.0778802 0.0778802 0.0780227 0.0780227 0.1047366 0.0935531 0.1027715 0.0999167 0.0999167 0.0997696 0.0999167 0.0937256 0.0999167 0.1047366 0.1047366 0.0997337 0.0699055 0.0674358 0.0675998 0.0675998 0.0699055 0.0699055 0.0703678 0.0677630 0.0678828 0.0678828 0.0677630 0.0676540 0.1236074 0.1231789 0.1205586 0.1234164 0.1246985 0.1218601 0.1270931 0.1216681 0.1179258 0.1179258 0.1002077 0.1232900 0.1235274 0.1252868 0.1022189 0.1022189 0.1024084 0.1024084 0.1317562 0.1320132 0.1320132 0.1410288 0.1312486 0.1323849 0.1338519 0.1338519 0.1341121 0.1357593 0.1250856 0.1176672 0.1282055 0.1232900 0.1178920 0.1260081 0.1260081 0.1235274 0.1126098 0.1126098 0.1126098 0.1126098 0.1126098 0.1126098 0.1126098 0.1250856 0.1235274 0.1232900 0.1127034 0.1098818 0.1098818 0.1003557 0.1238772 0.1238772 0.0994215 0.1238068 0.0996119 0.1011047 0.1154328 0.1154328 0.1020447 0.1022366 0.1020864 0.0996119 0.1129744 0.0992317 0.1129187 0.1127034 0.1127034 0.1151534 0.1066167 0.0984721 0.1070897 0.1099958 0.1343737 0.1099459 
Lemna_aequinoctialis_clone_7339    0.0923323 0.0919959 0.0921710 0.0919959 0.0000000 0.0017489 0.0089016 0.0163646 0.0183068 0.0495929 0.0473535 0.0473535 0.0473898 0.0473898 0.0472411 0.0490271 0.0472411 0.0472411 0.0472411 0.0475215 0.0478435 0.0473080 0.0473226 0.0473226 0.0472411 0.0474043 0.0472411 0.0523764 0.0523764 0.0523764 0.0546910 0.0523764 0.0664872 0.0664872 0.0642234 0.0202088 0.0183858 0.0322954 0.0220575 0.0220932 0.0220932 0.0260230 0.0264695 0.0518718 0.0518718 0.0525425 0.0521753 0.0521753 0.0522669 0.0522669 0.0501344 0.0550278 0.0522317 0.0524689 0.0524689 0.0545413 0.0524689 0.0551261 0.0524689 0.0501344 0.0501344 0.0523764 0.0810447 0.0811951 0.0810447 0.0810447 0.0810447 0.0810447 0.0814304 0.0815820 0.0815820 0.0815820 0.0815820 0.0811120 0.1357398 0.1355582 0.1293825 0.1358298 0.1328555 0.1298465 0.1345686 0.1299290 0.1274362 0.1274362 0.1151305 0.1354907 0.1357616 0.1377712 0.1169987 0.1169987 0.1172269 0.1172269 0.1400420 0.1403268 0.1403268 0.1495545 0.1400420 0.1434003 0.1339737 0.1339737 0.1342437 0.1323456 0.1292302 0.1295294 0.1322119 0.1354907 0.1297864 0.1354907 0.1354907 0.1357616 0.1342028 0.1342028 0.1342028 0.1342028 0.1342028 0.1342028 0.1342028 0.1263582 0.1357616 0.1354907 0.1202975 0.1173130 0.1173130 0.1096760 0.1119657 0.1119657 0.1116838 0.1119084 0.1119084 0.1080345 0.1202289 0.1202289 0.1090513 0.1118126 0.1091034 0.1119084 0.1206054 0.1114600 0.1205371 0.1202975 0.1202975 0.1199229 0.1026605 0.1026605 0.1172103 0.1146868 0.1369070 0.1146290 
Lemna_aequinoctialis_clone_9526    0.0972940 0.0969782 0.0971635 0.0969782 0.0017489 0.0000000 0.0144539 0.0222490 0.0242291 0.0538203 0.0515499 0.0515499 0.0515895 0.0515895 0.0514241 0.0533754 0.0514241 0.0514241 0.0515132 0.0518206 0.0521736 0.0515001 0.0515132 0.0515132 0.0515132 0.0516025 0.0514241 0.0566817 0.0566817 0.0566817 0.0591958 0.0566817 0.0709709 0.0709709 0.0686868 0.0261856 0.0243340 0.0351513 0.0200180 0.0199861 0.0199861 0.0282606 0.0327324 0.0561295 0.0561295 0.0568527 0.0564539 0.0564539 0.0565534 0.0565534 0.0544113 0.0593941 0.0565278 0.0567822 0.0567822 0.0588671 0.0567822 0.0595007 0.0567822 0.0544113 0.0544113 0.0566817 0.0811018 0.0811018 0.0811018 0.0811018 0.0811018 0.0811018 0.0814877 0.0814877 0.0814877 0.0814877 0.0814877 0.0811691 0.1423774 0.1421901 0.1358744 0.1424778 0.1392626 0.1361930 0.1409502 0.1362854 0.1337603 0.1337603 0.1210620 0.1423962 0.1426844 0.1448218 0.1229623 0.1229623 0.1232044 0.1232044 0.1465275 0.1468282 0.1468282 0.1562257 0.1465275 0.1499614 0.1403321 0.1403321 0.1406176 0.1387271 0.1355373 0.1362946 0.1393108 0.1423962 0.1365682 0.1426844 0.1426844 0.1426844 0.1405752 0.1405752 0.1405752 0.1405752 0.1405752 0.1405752 0.1405752 0.1326166 0.1423962 0.1423962 0.1264254 0.1233777 0.1233777 0.1152856 0.1178401 0.1178401 0.1177744 0.1177744 0.1180136 0.1138839 0.1263637 0.1263637 0.1149603 0.1177810 0.1150206 0.1180136 0.1267570 0.1175361 0.1266796 0.1264254 0.1264254 0.1260341 0.1081962 0.1081962 0.1232725 0.1207091 0.1435559 0.1206428 
Lemna_aequinoctialis_strain_6612   0.1028266 0.0998297 0.0998297 0.0998297 0.0089016 0.0144539 0.0000000 0.0125770 0.0144478 0.0606006 0.0582641 0.0582641 0.0582069 0.0582069 0.0583192 0.0605692 0.0583192 0.0583192 0.0583192 0.0587761 0.0591829 0.0582069 0.0583192 0.0583192 0.0584219 0.0584219 0.0583192 0.0587651 0.0587651 0.0587651 0.0613775 0.0587651 0.0782975 0.0782975 0.0759622 0.0163108 0.0163487 0.0293758 0.0318850 0.0318850 0.0318850 0.0280839 0.0263113 0.0629744 0.0629744 0.0589380 0.0585237 0.0585237 0.0585237 0.0585237 0.0564801 0.0615085 0.0635665 0.0588695 0.0588695 0.0610701 0.0587651 0.0616191 0.0587651 0.0564801 0.0564801 0.0587651 0.0878345 0.0878345 0.0878345 0.0878345 0.0878345 0.0878345 0.0882459 0.0882459 0.0882459 0.0882459 0.0882459 0.0880717 0.1404449 0.1402605 0.1342916 0.1402605 0.1406797 0.1376166 0.1423505 0.1374310 0.1419544 0.1419544 0.1224904 0.1407461 0.1407461 0.1431259 0.1337477 0.1337477 0.1337477 0.1337477 0.1479143 0.1479143 0.1479143 0.1572651 0.1476134 0.1510325 0.1417314 0.1417314 0.1417314 0.1401418 0.1366801 0.1347055 0.1376912 0.1407461 0.1347055 0.1407461 0.1407461 0.1407461 0.1487912 0.1487912 0.1487912 0.1487912 0.1487912 0.1487912 0.1487912 0.1337742 0.1407461 0.1407461 0.1278645 0.1248225 0.1248225 0.1169531 0.1193321 0.1193321 0.1195058 0.1192647 0.1195058 0.1100715 0.1275498 0.1275498 0.1161968 0.1190059 0.1162583 0.1195058 0.1279431 0.1192647 0.1278645 0.1278645 0.1278645 0.1274719 0.1044841 0.1044841 0.1247174 0.1221620 0.1453030 0.1220941 
Lemna_aequinoctialis_strain_6746   0.0864007 0.0889473 0.0889473 0.0889473 0.0163646 0.0222490 0.0125770 0.0000000 0.0017356 0.0516253 0.0493732 0.0493732 0.0493256 0.0493256 0.0492545 0.0511180 0.0492545 0.0492545 0.0492545 0.0496331 0.0499703 0.0493256 0.0492545 0.0492545 0.0493395 0.0493395 0.0492545 0.0545841 0.0545841 0.0545841 0.0570032 0.0545841 0.0710978 0.0710978 0.0688074 0.0034830 0.0034907 0.0092554 0.0200646 0.0200968 0.0200968 0.0163368 0.0127271 0.0517297 0.0517297 0.0546119 0.0542299 0.0542299 0.0542299 0.0542299 0.0523255 0.0551704 0.0593229 0.0546808 0.0546808 0.0567616 0.0545841 0.0552692 0.0545841 0.0523255 0.0523255 0.0545841 0.0825761 0.0827285 0.0825761 0.0825761 0.0825761 0.0825761 0.0829651 0.0831188 0.0831188 0.0831188 0.0831188 0.0827970 0.1345610 0.1345610 0.1314626 0.1345610 0.1317862 0.1288003 0.1336786 0.1288003 0.1363805 0.1363805 0.1170691 0.1343162 0.1343162 0.1365636 0.1251953 0.1251953 0.1251953 0.1251953 0.1391177 0.1391177 0.1391177 0.1482664 0.1388372 0.1397899 0.1330891 0.1330891 0.1330891 0.1314640 0.1281136 0.1284002 0.1313235 0.1343162 0.1284002 0.1343162 0.1343162 0.1343162 0.1428972 0.1428972 0.1428972 0.1428972 0.1428972 0.1428972 0.1428972 0.1252652 0.1345832 0.1343162 0.1222758 0.1192847 0.1192847 0.1113932 0.1140089 0.1140089 0.1139491 0.1139491 0.1139491 0.1043791 0.1219673 0.1219673 0.1107941 0.1135554 0.1108483 0.1139491 0.1223462 0.1137208 0.1222758 0.1222758 0.1222758 0.1218976 0.0990968 0.0990968 0.1219572 0.1194164 0.1389737 0.1193523 
Lemna_aequinoctialis_strain_7126   0.0892290 0.0890605 0.0892290 0.0890605 0.0183068 0.0242291 0.0144478 0.0017356 0.0000000 0.0538071 0.0515357 0.0515357 0.0515753 0.0515753 0.0515884 0.0535538 0.0515884 0.0515884 0.0516780 0.0519876 0.0523431 0.0514859 0.0516780 0.0516780 0.0516780 0.0517680 0.0515884 0.0568153 0.0568153 0.0568153 0.0593418 0.0568153 0.0734596 0.0734596 0.0711550 0.0017314 0.0070494 0.0068883 0.0220379 0.0220379 0.0220379 0.0182762 0.0145982 0.0539147 0.0539147 0.0568407 0.0564419 0.0564419 0.0565414 0.0565414 0.0545387 0.0574289 0.0615955 0.0569163 0.0569163 0.0591117 0.0569163 0.0575322 0.0569163 0.0545387 0.0545387 0.0568153 0.0853211 0.0853211 0.0853211 0.0853211 0.0853211 0.0853211 0.0857224 0.0857224 0.0857224 0.0857224 0.0857224 0.0853920 0.1373846 0.1373846 0.1345280 0.1376592 0.1346444 0.1316339 0.1365248 0.1319000 0.1392901 0.1392901 0.1197589 0.1348657 0.1351346 0.1371291 0.1279498 0.1279498 0.1282024 0.1282024 0.1420029 0.1422911 0.1422911 0.1515248 0.1420029 0.1429839 0.1359257 0.1359257 0.1361991 0.1343133 0.1311894 0.1316927 0.1346514 0.1348657 0.1319541 0.1351346 0.1351346 0.1351346 0.1458150 0.1458150 0.1458150 0.1458150 0.1458150 0.1458150 0.1458150 0.1283167 0.1348657 0.1348657 0.1250473 0.1220316 0.1220316 0.1144825 0.1170193 0.1170193 0.1169551 0.1169551 0.1171914 0.1076167 0.1249843 0.1249843 0.1136983 0.1164893 0.1137565 0.1171914 0.1253715 0.1167196 0.1252966 0.1250473 0.1250473 0.1246620 0.1020642 0.1020642 0.1247231 0.1221675 0.1422544 0.1220996 
Lemna_disperma_clone_7223          0.0877013 0.0825063 0.0826581 0.0825063 0.0495929 0.0538203 0.0606006 0.0516253 0.0538071 0.0000000 0.0017061 0.0017061 0.0051671 0.0051671 0.0141606 0.0146426 0.0141606 0.0141606 0.0141826 0.0142588 0.0143464 0.0051593 0.0141826 0.0141826 0.0141826 0.0142047 0.0141606 0.0514373 0.0514373 0.0514373 0.0536636 0.0514373 0.0378202 0.0378202 0.0358266 0.0560065 0.0539439 0.0704447 0.0528640 0.0528640 0.0528640 0.0558706 0.0586246 0.0235325 0.0235325 0.0238231 0.0236714 0.0236714 0.0237093 0.0237093 0.0536072 0.0519232 0.0560330 0.0514373 0.0514373 0.0536496 0.0515263 0.0519232 0.0515263 0.0536072 0.0536072 0.0514373 0.0765033 0.0765033 0.0741612 0.0741612 0.0765033 0.0765033 0.0843182 0.0843182 0.0843182 0.0843182 0.0843182 0.0742209 0.1244982 0.1215816 0.1187049 0.1218169 0.1183096 0.1154898 0.1173053 0.1128177 0.1222333 0.1222333 0.1043442 0.1247657 0.1250083 0.1268073 0.1122246 0.1122246 0.1124385 0.1124385 0.1250321 0.1252767 0.1252767 0.1339516 0.1250321 0.1289151 0.1195881 0.1195881 0.1198204 0.1177129 0.1092037 0.1190743 0.1247187 0.1247657 0.1193040 0.1250083 0.1250083 0.1250083 0.1262045 0.1262045 0.1262045 0.1262045 0.1262045 0.1262045 0.1262045 0.1123224 0.1247657 0.1247657 0.1065486 0.1037517 0.1037517 0.0996680 0.0986276 0.0986276 0.0985888 0.0985888 0.0987802 0.0957453 0.1064684 0.1064684 0.0959642 0.0985528 0.0959989 0.0987802 0.1068011 0.0983982 0.1067530 0.1065486 0.1065486 0.1062175 0.0931997 0.0931997 0.1062682 0.1036604 0.1219832 0.1038154 
Lemna_disperma_clone_7842          0.0850955 0.0799549 0.0801013 0.0799549 0.0473535 0.0515499 0.0582641 0.0493732 0.0515357 0.0017061 0.0000000 0.0000010 0.0034279 0.0034279 0.0123283 0.0127457 0.0123283 0.0123283 0.0123473 0.0124133 0.0124892 0.0034227 0.0123473 0.0123473 0.0123473 0.0123665 0.0123283 0.0491979 0.0491979 0.0491979 0.0513166 0.0491979 0.0357411 0.0357411 0.0337626 0.0537153 0.0516673 0.0672563 0.0506375 0.0506375 0.0506375 0.0535853 0.0562965 0.0216117 0.0216117 0.0218781 0.0217395 0.0217395 0.0217741 0.0217741 0.0513487 0.0496588 0.0537458 0.0491979 0.0491979 0.0513892 0.0492827 0.0496588 0.0492827 0.0513487 0.0513487 0.0491979 0.0766964 0.0766964 0.0743498 0.0743498 0.0766964 0.0766964 0.0817678 0.0817678 0.0817678 0.0817678 0.0817678 0.0744097 0.1215669 0.1186755 0.1158301 0.1189042 0.1153893 0.1125975 0.1144166 0.1099446 0.1192587 0.1192587 0.1016162 0.1218288 0.1220646 0.1238121 0.1094152 0.1094152 0.1096227 0.1096227 0.1220764 0.1223140 0.1223140 0.1309088 0.1220764 0.1259038 0.1166834 0.1166834 0.1169090 0.1148070 0.1063829 0.1161919 0.1217812 0.1218288 0.1164150 0.1220646 0.1220646 0.1220646 0.1232243 0.1232243 0.1232243 0.1232243 0.1232243 0.1232243 0.1232243 0.1094659 0.1218288 0.1218288 0.1037534 0.1009854 0.1009854 0.0969711 0.0958405 0.0958405 0.0958052 0.0958052 0.0959902 0.0930583 0.1036710 0.1036710 0.0932692 0.0958313 0.0933008 0.0959902 0.1039960 0.0956208 0.1039514 0.1037534 0.1037534 0.1034300 0.0905375 0.0905375 0.1034793 0.1008961 0.1189496 0.1010484 
Lemna_disperma_strain_7269         0.0850955 0.0799549 0.0801013 0.0799549 0.0473535 0.0515499 0.0582641 0.0493732 0.0515357 0.0017061 0.0000010 0.0000000 0.0034279 0.0034279 0.0123283 0.0127457 0.0123283 0.0123283 0.0123473 0.0124133 0.0124892 0.0034227 0.0123473 0.0123473 0.0123473 0.0123665 0.0123283 0.0491979 0.0491979 0.0491979 0.0513166 0.0491979 0.0357411 0.0357411 0.0337626 0.0537153 0.0516673 0.0672563 0.0506375 0.0506375 0.0506375 0.0535853 0.0562965 0.0216117 0.0216117 0.0218781 0.0217395 0.0217395 0.0217741 0.0217741 0.0513487 0.0496588 0.0537458 0.0491979 0.0491979 0.0513892 0.0492827 0.0496588 0.0492827 0.0513487 0.0513487 0.0491979 0.0766964 0.0766964 0.0743498 0.0743498 0.0766964 0.0766964 0.0817678 0.0817678 0.0817678 0.0817678 0.0817678 0.0744097 0.1215669 0.1186755 0.1158301 0.1189042 0.1153893 0.1125975 0.1144166 0.1099446 0.1192587 0.1192587 0.1016162 0.1218288 0.1220646 0.1238121 0.1094152 0.1094152 0.1096227 0.1096227 0.1220764 0.1223140 0.1223140 0.1309088 0.1220764 0.1259038 0.1166834 0.1166834 0.1169090 0.1148070 0.1063829 0.1161919 0.1217812 0.1218288 0.1164150 0.1220646 0.1220646 0.1220646 0.1232243 0.1232243 0.1232243 0.1232243 0.1232243 0.1232243 0.1232243 0.1094659 0.1218288 0.1218288 0.1037534 0.1009854 0.1009854 0.0969711 0.0958405 0.0958405 0.0958052 0.0958052 0.0959902 0.0930583 0.1036710 0.1036710 0.0932692 0.0958313 0.0933008 0.0959902 0.1039960 0.0956208 0.1039514 0.1037534 0.1037534 0.1034300 0.0905375 0.0905375 0.1034793 0.1008961 0.1189496 0.1010484 
Lemna_gibba_strain_7589            0.0826581 0.0775625 0.0775625 0.0775625 0.0473898 0.0515895 0.0582069 0.0493256 0.0515753 0.0051671 0.0034279 0.0034279 0.0000000 0.0000010 0.0087462 0.0090403 0.0087462 0.0087462 0.0087462 0.0088062 0.0088596 0.0000010 0.0087462 0.0087462 0.0087597 0.0087597 0.0087462 0.0513892 0.0513892 0.0513892 0.0536116 0.0513892 0.0318032 0.0318032 0.0298474 0.0537567 0.0494967 0.0673258 0.0506757 0.0506757 0.0506757 0.0536265 0.0563403 0.0179139 0.0179139 0.0181349 0.0180206 0.0180206 0.0180206 0.0180206 0.0535572 0.0518742 0.0515698 0.0514781 0.0514781 0.0492354 0.0513892 0.0519649 0.0513892 0.0535572 0.0535572 0.0513892 0.0718916 0.0718916 0.0695836 0.0695836 0.0718916 0.0718916 0.0768673 0.0768673 0.0768673 0.0768673 0.0768673 0.0697637 0.1161857 0.1133351 0.1105411 0.1133351 0.1129118 0.1101367 0.1119633 0.1072863 0.1167451 0.1167451 0.0967481 0.1164377 0.1164377 0.1183209 0.1042345 0.1042345 0.1042345 0.1042345 0.1195856 0.1195856 0.1195856 0.1281162 0.1193540 0.1231344 0.1140026 0.1140026 0.1140026 0.1123403 0.1035717 0.1108896 0.1163892 0.1164377 0.1108896 0.1164377 0.1164377 0.1164377 0.1204813 0.1204813 0.1204813 0.1204813 0.1204813 0.1204813 0.1204813 0.1066178 0.1164377 0.1164377 0.0985871 0.0958664 0.0958664 0.0918013 0.0905003 0.0905003 0.0906444 0.0904712 0.0906444 0.0903855 0.0983149 0.0983149 0.0881014 0.0906148 0.0881272 0.0906444 0.0986250 0.0904712 0.0985871 0.0985871 0.0985871 0.0982774 0.0878903 0.0878903 0.0983244 0.0959616 0.1133787 0.0959284 
Lemna_gibba_strain_7741            0.0826581 0.0775625 0.0775625 0.0775625 0.0473898 0.0515895 0.0582069 0.0493256 0.0515753 0.0051671 0.0034279 0.0034279 0.0000010 0.0000000 0.0087462 0.0090403 0.0087462 0.0087462 0.0087462 0.0088062 0.0088596 0.0000010 0.0087462 0.0087462 0.0087597 0.0087597 0.0087462 0.0513892 0.0513892 0.0513892 0.0536116 0.0513892 0.0318032 0.0318032 0.0298474 0.0537567 0.0494967 0.0673258 0.0506757 0.0506757 0.0506757 0.0536265 0.0563403 0.0179139 0.0179139 0.0181349 0.0180206 0.0180206 0.0180206 0.0180206 0.0535572 0.0518742 0.0515698 0.0514781 0.0514781 0.0492354 0.0513892 0.0519649 0.0513892 0.0535572 0.0535572 0.0513892 0.0718916 0.0718916 0.0695836 0.0695836 0.0718916 0.0718916 0.0768673 0.0768673 0.0768673 0.0768673 0.0768673 0.0697637 0.1161857 0.1133351 0.1105411 0.1133351 0.1129118 0.1101367 0.1119633 0.1072863 0.1167451 0.1167451 0.0967481 0.1164377 0.1164377 0.1183209 0.1042345 0.1042345 0.1042345 0.1042345 0.1195856 0.1195856 0.1195856 0.1281162 0.1193540 0.1231344 0.1140026 0.1140026 0.1140026 0.1123403 0.1035717 0.1108896 0.1163892 0.1164377 0.1108896 0.1164377 0.1164377 0.1164377 0.1204813 0.1204813 0.1204813 0.1204813 0.1204813 0.1204813 0.1204813 0.1066178 0.1164377 0.1164377 0.0985871 0.0958664 0.0958664 0.0918013 0.0905003 0.0905003 0.0906444 0.0904712 0.0906444 0.0903855 0.0983149 0.0983149 0.0881014 0.0906148 0.0881272 0.0906444 0.0986250 0.0904712 0.0985871 0.0985871 0.0985871 0.0982774 0.0878903 0.0878903 0.0983244 0.0959616 0.1133787 0.0959284 
Lemna_japonica_clone_6728          0.0823455 0.0796998 0.0798451 0.0796998 0.0472411 0.0514241 0.0583192 0.0492545 0.0515884 0.0141606 0.0123283 0.0123283 0.0087462 0.0087462 0.0000000 0.0000010 0.0000010 0.0000010 0.0000010 0.0000010 0.0000010 0.0087328 0.0000010 0.0000010 0.0000010 0.0000010 0.0000010 0.0514023 0.0514023 0.0514023 0.0536243 0.0514023 0.0297072 0.0297072 0.0277717 0.0537688 0.0518101 0.0671008 0.0506026 0.0506026 0.0506026 0.0535456 0.0564506 0.0160048 0.0160048 0.0162015 0.0161001 0.0161001 0.0161254 0.0161254 0.0535694 0.0518872 0.0515828 0.0514912 0.0514912 0.0491646 0.0514912 0.0519779 0.0514912 0.0535694 0.0535694 0.0514023 0.0716654 0.0716654 0.0693638 0.0693638 0.0716654 0.0716654 0.0747841 0.0747841 0.0747841 0.0747841 0.0747841 0.0694191 0.1156201 0.1127825 0.1097946 0.1129975 0.1123519 0.1095902 0.1141032 0.1069586 0.1161635 0.1161635 0.0962759 0.1154288 0.1156491 0.1172817 0.1037265 0.1037265 0.1039212 0.1039212 0.1189994 0.1192299 0.1192299 0.1277395 0.1189994 0.1227680 0.1134437 0.1134437 0.1136615 0.1117848 0.1032562 0.1099313 0.1153804 0.1154288 0.1101395 0.1156491 0.1156491 0.1156491 0.1198892 0.1198892 0.1198892 0.1198892 0.1198892 0.1198892 0.1198892 0.1062937 0.1156491 0.1154288 0.0980988 0.0953916 0.0953916 0.0911838 0.0900405 0.0900405 0.0900120 0.0900120 0.0901836 0.0896058 0.0980127 0.0980127 0.0878267 0.0903332 0.0878523 0.0901836 0.0983215 0.0898410 0.0982840 0.0980988 0.0980988 0.0977914 0.0872939 0.0872939 0.0978380 0.0954858 0.1125790 0.0954532 
Lemna_japonica_clone_9250          0.0856587 0.0828841 0.0830410 0.0828841 0.0490271 0.0533754 0.0605692 0.0511180 0.0535538 0.0146426 0.0127457 0.0127457 0.0090403 0.0090403 0.0000010 0.0000000 0.0000010 0.0000010 0.0000010 0.0000010 0.0000010 0.0090260 0.0000010 0.0000010 0.0000010 0.0000010 0.0000010 0.0533501 0.0533501 0.0533501 0.0557463 0.0533501 0.0307682 0.0307682 0.0287609 0.0558247 0.0537916 0.0671008 0.0524921 0.0524921 0.0524921 0.0555844 0.0575483 0.0165521 0.0165521 0.0166539 0.0166539 0.0166539 0.0166809 0.0166809 0.0556063 0.0538740 0.0535431 0.0534459 0.0534459 0.0510181 0.0534459 0.0539717 0.0534459 0.0556063 0.0556063 0.0533501 0.0744706 0.0744706 0.0720695 0.0720695 0.0744706 0.0744706 0.0777456 0.0777456 0.0777456 0.0777456 0.0777456 0.0721292 0.1174396 0.1144938 0.1113866 0.1147198 0.1140764 0.1112067 0.1158803 0.1084768 0.1180489 0.1180489 0.0973628 0.1172372 0.1174689 0.1191869 0.1050894 0.1050894 0.1052935 0.1052935 0.1209661 0.1212088 0.1212088 0.1300559 0.1209661 0.1248978 0.1151907 0.1151907 0.1154197 0.1134818 0.1046214 0.1115285 0.1171875 0.1172372 0.1117472 0.1174689 0.1174689 0.1174689 0.1218967 0.1218967 0.1218967 0.1218967 0.1218967 0.1218967 0.1218967 0.1077776 0.1174689 0.1172372 0.0992708 0.0964623 0.0964623 0.0920869 0.0909372 0.0909372 0.0909067 0.0909067 0.0910862 0.0904597 0.0991826 0.0991826 0.0886227 0.0912204 0.0886500 0.0910862 0.0995050 0.0907279 0.0994648 0.0992708 0.0992708 0.0989499 0.0880660 0.0880660 0.0989986 0.0965612 0.1143547 0.0965262 
Lemna_japonica_strain_0189         0.0823455 0.0796998 0.0798451 0.0796998 0.0472411 0.0514241 0.0583192 0.0492545 0.0515884 0.0141606 0.0123283 0.0123283 0.0087462 0.0087462 0.0000010 0.0000010 0.0000000 0.0000010 0.0000010 0.0000010 0.0000010 0.0076640 0.0000010 0.0000010 0.0000010 0.0000010 0.0000010 0.0518949 0.0518949 0.0514023 0.0540733 0.0514023 0.0297072 0.0297072 0.0277717 0.0537688 0.0518101 0.0671008 0.0506026 0.0506026 0.0506026 0.0516964 0.0564506 0.0160048 0.0160048 0.0162015 0.0161001 0.0161001 0.0161254 0.0161254 0.0540035 0.0516275 0.0515828 0.0519822 0.0514912 0.0497165 0.0514912 0.0519779 0.0514912 0.0510151 0.0510151 0.0504591 0.0716654 0.0716654 0.0693638 0.0693638 0.0716654 0.0716654 0.0747841 0.0747841 0.0747841 0.0747841 0.0747841 0.0694191 0.1156201 0.1127825 0.1097946 0.1129975 0.1123519 0.1095902 0.1141032 0.1069586 0.1161635 0.1161635 0.0962759 0.1154288 0.1156491 0.1122764 0.1037265 0.1037265 0.1039212 0.1039212 0.1189994 0.1192299 0.1192299 0.1277395 0.1189994 0.1227680 0.1134437 0.1134437 0.1136615 0.1117848 0.1032562 0.1099313 0.1153804 0.1154288 0.1101395 0.1156491 0.1156491 0.1156491 0.1139158 0.1139158 0.1139158 0.1139158 0.1139158 0.1158367 0.1139158 0.1062937 0.1156491 0.1154288 0.0982275 0.0955911 0.1001608 0.0911838 0.0900405 0.0900405 0.0900120 0.0900120 0.0901836 0.0896058 0.0980127 0.0980127 0.0878267 0.0903332 0.0878523 0.0901836 0.0983215 0.0898410 0.0982840 0.1020823 0.0997898 0.0982673 0.0872939 0.0872939 0.1000480 0.0959045 0.1068894 0.0998877 
Lemna_japonica_strain_0216         0.0823455 0.0796998 0.0798451 0.0796998 0.0472411 0.0514241 0.0583192 0.0492545 0.0515884 0.0141606 0.0123283 0.0123283 0.0087462 0.0087462 0.0000010 0.0000010 0.0000010 0.0000000 0.0000010 0.0000010 0.0000010 0.0076640 0.0000010 0.0000010 0.0000010 0.0000010 0.0000010 0.0518949 0.0518949 0.0514023 0.0540733 0.0514023 0.0297072 0.0297072 0.0277717 0.0537688 0.0518101 0.0671008 0.0506026 0.0506026 0.0506026 0.0516964 0.0564506 0.0160048 0.0160048 0.0162015 0.0161001 0.0161001 0.0161254 0.0161254 0.0540035 0.0516275 0.0515828 0.0519822 0.0514912 0.0497165 0.0514912 0.0519779 0.0514912 0.0510151 0.0510151 0.0504591 0.0716654 0.0716654 0.0693638 0.0693638 0.0716654 0.0716654 0.0747841 0.0747841 0.0747841 0.0747841 0.0747841 0.0694191 0.1156201 0.1127825 0.1097946 0.1129975 0.1123519 0.1095902 0.1141032 0.1069586 0.1161635 0.1161635 0.0962759 0.1154288 0.1156491 0.1122764 0.1037265 0.1037265 0.1039212 0.1039212 0.1189994 0.1192299 0.1192299 0.1277395 0.1189994 0.1227680 0.1134437 0.1134437 0.1136615 0.1117848 0.1032562 0.1099313 0.1153804 0.1154288 0.1101395 0.1156491 0.1156491 0.1156491 0.1154022 0.1154022 0.1154022 0.1154022 0.1154022 0.1173914 0.1154022 0.1062937 0.1156491 0.1154288 0.0982275 0.0953640 0.1001608 0.0911838 0.0900405 0.0900405 0.0900120 0.0900120 0.0901836 0.0896058 0.0980127 0.0980127 0.0878267 0.0903332 0.0878523 0.0901836 0.0983215 0.0898410 0.0982840 0.1020823 0.1017161 0.0982673 0.0872939 0.0872939 0.1000480 0.0956759 0.1068894 0.0998877 
Lemna_japonica_strain_7182         0.0849683 0.0820974 0.0820974 0.0820974 0.0472411 0.0515132 0.0583192 0.0492545 0.0516780 0.0141826 0.0123473 0.0123473 0.0087462 0.0087462 0.0000010 0.0000010 0.0000010 0.0000010 0.0000000 0.0000010 0.0000010 0.0087462 0.0000010 0.0000010 0.0000010 0.0000010 0.0000010 0.0514912 0.0514912 0.0514912 0.0537210 0.0514912 0.0297557 0.0297557 0.0278169 0.0538626 0.0495965 0.0672581 0.0506889 0.0506889 0.0506889 0.0536387 0.0565502 0.0160298 0.0160298 0.0162271 0.0161254 0.0161254 0.0161254 0.0161254 0.0536624 0.0519779 0.0516723 0.0515804 0.0515804 0.0492492 0.0514912 0.0520688 0.0514912 0.0536624 0.0536624 0.0514912 0.0716654 0.0716654 0.0693638 0.0693638 0.0716654 0.0716654 0.0747841 0.0747841 0.0747841 0.0747841 0.0747841 0.0695428 0.1158413 0.1129975 0.1100024 0.1129975 0.1125697 0.1098018 0.1143230 0.1069586 0.1163911 0.1163911 0.0964545 0.1156491 0.1156491 0.1175090 0.1039212 0.1039212 0.1039212 0.1039212 0.1192299 0.1192299 0.1192299 0.1277395 0.1189994 0.1227680 0.1136615 0.1136615 0.1136615 0.1120006 0.1032562 0.1101395 0.1153804 0.1156491 0.1101395 0.1154288 0.1154288 0.1156491 0.1201223 0.1201223 0.1201223 0.1201223 0.1201223 0.1201223 0.1201223 0.1062937 0.1158702 0.1156491 0.0982840 0.0955709 0.0955709 0.0911838 0.0900405 0.0900405 0.0901836 0.0900120 0.0901836 0.0896058 0.0980127 0.0980127 0.0878267 0.0903332 0.0878523 0.0901836 0.0983215 0.0900120 0.0982840 0.0982840 0.0982840 0.0979757 0.0872939 0.0872939 0.0980225 0.0956655 0.1128024 0.0956326 
Lemna_japonica_strain_8695         0.0855065 0.0826132 0.0827651 0.0826132 0.0475215 0.0518206 0.0587761 0.0496331 0.0519876 0.0142588 0.0124133 0.0124133 0.0088062 0.0088062 0.0000010 0.0000010 0.0000010 0.0000010 0.0000010 0.0000000 0.0000010 0.0084897 0.0000010 0.0000010 0.0000010 0.0000010 0.0000010 0.0522833 0.0522833 0.0517980 0.0540733 0.0517980 0.0299231 0.0299231 0.0279730 0.0541864 0.0522126 0.0671008 0.0509867 0.0509867 0.0509867 0.0516964 0.0568941 0.0161163 0.0161163 0.0163157 0.0162129 0.0162129 0.0162386 0.0162386 0.0544090 0.0520270 0.0519811 0.0523719 0.0518883 0.0500868 0.0518883 0.0523828 0.0518883 0.0540934 0.0540934 0.0520675 0.0722348 0.0722348 0.0699131 0.0699131 0.0722348 0.0722348 0.0753851 0.0753851 0.0753851 0.0753851 0.0753851 0.0699693 0.1166039 0.1137391 0.1107193 0.1139578 0.1133206 0.1105312 0.1150808 0.1078755 0.1171761 0.1171761 0.0970701 0.1164088 0.1166328 0.1122764 0.1045923 0.1045923 0.1047902 0.1047902 0.1200246 0.1202590 0.1202590 0.1288534 0.1200246 0.1238378 0.1144124 0.1144124 0.1146338 0.1127449 0.1041299 0.1108574 0.1161371 0.1164088 0.1110690 0.1164088 0.1164088 0.1166328 0.1157086 0.1157086 0.1157086 0.1157086 0.1157086 0.1157086 0.1157086 0.1071989 0.1166328 0.1164088 0.0947734 0.0921729 0.0921729 0.0919305 0.0908052 0.0908052 0.0907756 0.0907756 0.0909502 0.0903439 0.0988367 0.0988367 0.0885534 0.0910840 0.0885799 0.0909502 0.0991499 0.0906018 0.0991112 0.0947734 0.0947734 0.0944836 0.0880113 0.0880113 0.0945274 0.0922602 0.1076656 0.0922320 
Lemna_japonica_strain_9017         0.0861247 0.0832054 0.0833596 0.0832054 0.0478435 0.0521736 0.0591829 0.0499703 0.0523431 0.0143464 0.0124892 0.0124892 0.0088596 0.0088596 0.0000010 0.0000010 0.0000010 0.0000010 0.0000010 0.0000010 0.0000000 0.0085837 0.0000010 0.0000010 0.0000010 0.0000010 0.0000010 0.0526290 0.0526290 0.0521504 0.0540733 0.0521504 0.0301154 0.0301154 0.0281523 0.0545582 0.0525710 0.0677154 0.0513286 0.0513286 0.0513286 0.0521229 0.0572890 0.0143507 0.0143507 0.0164175 0.0163135 0.0163135 0.0163394 0.0163394 0.0547698 0.0523828 0.0523357 0.0527187 0.0522419 0.0504163 0.0522419 0.0527434 0.0522419 0.0547698 0.0547698 0.0526290 0.0727417 0.0727417 0.0704021 0.0704021 0.0727417 0.0727417 0.0759202 0.0759202 0.0759202 0.0759202 0.0759202 0.0704591 0.1174802 0.1145912 0.1115428 0.1148131 0.1141836 0.1113694 0.1159517 0.1086924 0.1180784 0.1180784 0.0977772 0.1172817 0.1175090 0.1129961 0.1053633 0.1053633 0.1055640 0.1055640 0.1209380 0.1211758 0.1211758 0.1298460 0.1209380 0.1247910 0.1152752 0.1152752 0.1154999 0.1136002 0.1049080 0.1116820 0.1170065 0.1172817 0.1118967 0.1172817 0.1172817 0.1175090 0.1173165 0.1173165 0.1173165 0.1173165 0.1173165 0.1173165 0.1173165 0.1080052 0.1175090 0.1172817 0.0960530 0.0934116 0.0934116 0.0925952 0.0914864 0.0914864 0.0914558 0.0914558 0.0916330 0.0910010 0.0995705 0.0995705 0.0892005 0.0917525 0.0892279 0.0916330 0.0998877 0.0912794 0.0998478 0.0960530 0.0960530 0.0957565 0.0886501 0.0886501 0.0958013 0.0935015 0.1083714 0.0934717 
Lemna_japonica_strain_9250         0.0825063 0.0774215 0.0775625 0.0774215 0.0473080 0.0515001 0.0582069 0.0493256 0.0514859 0.0051593 0.0034227 0.0034227 0.0000010 0.0000010 0.0087328 0.0090260 0.0076640 0.0076640 0.0087462 0.0084897 0.0085837 0.0000000 0.0087462 0.0087462 0.0087462 0.0087597 0.0087328 0.0517954 0.0517954 0.0513006 0.0539668 0.0513006 0.0317511 0.0317511 0.0297987 0.0536632 0.0517070 0.0671681 0.0505894 0.0505894 0.0505894 0.0516838 0.0562413 0.0178857 0.0178857 0.0181061 0.0179922 0.0179922 0.0180206 0.0180206 0.0539010 0.0515250 0.0514806 0.0518824 0.0513892 0.0497033 0.0513892 0.0518742 0.0513892 0.0509250 0.0509250 0.0503675 0.0718916 0.0718916 0.0695836 0.0695836 0.0718916 0.0718916 0.0768673 0.0768673 0.0768673 0.0768673 0.0768673 0.0696393 0.1159635 0.1131189 0.1103314 0.1133351 0.1126930 0.1099241 0.1117482 0.1072863 0.1165164 0.1165164 0.0965686 0.1162146 0.1164377 0.1130235 0.1040388 0.1040388 0.1042345 0.1042345 0.1193540 0.1195856 0.1195856 0.1281162 0.1193540 0.1231344 0.1137838 0.1137838 0.1140026 0.1121234 0.1035717 0.1106788 0.1161661 0.1162146 0.1108896 0.1164377 0.1164377 0.1164377 0.1142166 0.1142166 0.1142166 0.1142166 0.1142166 0.1161567 0.1142166 0.1066178 0.1162146 0.1162146 0.0984949 0.0958515 0.1004318 0.0918013 0.0905003 0.0905003 0.0904712 0.0904712 0.0906444 0.0903855 0.0983149 0.0983149 0.0881014 0.0906148 0.0881272 0.0906444 0.0986250 0.0902986 0.0985871 0.1023568 0.1000590 0.0985350 0.0878903 0.0878903 0.1003185 0.0961665 0.1073927 0.1001573 
Lemna_minor_strain_7018            0.0824965 0.0798451 0.0798451 0.0798451 0.0473226 0.0515132 0.0583192 0.0492545 0.0516780 0.0141826 0.0123473 0.0123473 0.0087462 0.0087462 0.0000010 0.0000010 0.0000010 0.0000010 0.0000010 0.0000010 0.0000010 0.0087462 0.0000000 0.0000010 0.0000010 0.0000010 0.0000010 0.0514912 0.0514912 0.0514912 0.0537210 0.0514912 0.0297557 0.0297557 0.0278169 0.0538626 0.0495965 0.0672581 0.0506889 0.0506889 0.0506889 0.0536387 0.0565502 0.0160298 0.0160298 0.0162271 0.0161254 0.0161254 0.0161254 0.0161254 0.0536624 0.0519779 0.0516723 0.0515804 0.0515804 0.0492492 0.0514912 0.0520688 0.0514912 0.0536624 0.0536624 0.0514912 0.0716654 0.0716654 0.0693638 0.0693638 0.0716654 0.0716654 0.0747841 0.0747841 0.0747841 0.0747841 0.0747841 0.0695428 0.1158413 0.1129975 0.1100024 0.1129975 0.1125697 0.1098018 0.1143230 0.1069586 0.1163911 0.1163911 0.0964545 0.1156491 0.1156491 0.1175090 0.1039212 0.1039212 0.1039212 0.1039212 0.1192299 0.1192299 0.1192299 0.1277395 0.1189994 0.1227680 0.1136615 0.1136615 0.1136615 0.1120006 0.1032562 0.1101395 0.1156007 0.1156491 0.1101395 0.1156491 0.1156491 0.1156491 0.1201223 0.1201223 0.1201223 0.1201223 0.1201223 0.1201223 0.1201223 0.1062937 0.1158702 0.1156491 0.0982840 0.0955709 0.0955709 0.0911838 0.0900405 0.0900405 0.0901836 0.0900120 0.0901836 0.0896058 0.0980127 0.0980127 0.0878267 0.0903332 0.0878523 0.0901836 0.0983215 0.0900120 0.0982840 0.0982840 0.0982840 0.0979757 0.0872939 0.0872939 0.0980225 0.0956655 0.1128024 0.0956326 
Lemna_minor_strain_7136            0.0824965 0.0798451 0.0798451 0.0798451 0.0473226 0.0515132 0.0583192 0.0492545 0.0516780 0.0141826 0.0123473 0.0123473 0.0087462 0.0087462 0.0000010 0.0000010 0.0000010 0.0000010 0.0000010 0.0000010 0.0000010 0.0087462 0.0000010 0.0000000 0.0000010 0.0000010 0.0000010 0.0514912 0.0514912 0.0514912 0.0537210 0.0514912 0.0297557 0.0297557 0.0278169 0.0538626 0.0495965 0.0672581 0.0506889 0.0506889 0.0506889 0.0536387 0.0565502 0.0160298 0.0160298 0.0162271 0.0161254 0.0161254 0.0161254 0.0161254 0.0536624 0.0519779 0.0516723 0.0515804 0.0515804 0.0492492 0.0514912 0.0520688 0.0514912 0.0536624 0.0536624 0.0514912 0.0716654 0.0716654 0.0693638 0.0693638 0.0716654 0.0716654 0.0747841 0.0747841 0.0747841 0.0747841 0.0747841 0.0695428 0.1158413 0.1129975 0.1100024 0.1129975 0.1125697 0.1098018 0.1143230 0.1069586 0.1163911 0.1163911 0.0964545 0.1156491 0.1156491 0.1175090 0.1039212 0.1039212 0.1039212 0.1039212 0.1192299 0.1192299 0.1192299 0.1277395 0.1189994 0.1227680 0.1136615 0.1136615 0.1136615 0.1120006 0.1032562 0.1101395 0.1156007 0.1156491 0.1101395 0.1156491 0.1156491 0.1156491 0.1201223 0.1201223 0.1201223 0.1201223 0.1201223 0.1201223 0.1201223 0.1062937 0.1158702 0.1156491 0.0982840 0.0955709 0.0955709 0.0911838 0.0900405 0.0900405 0.0901836 0.0900120 0.0901836 0.0896058 0.0980127 0.0980127 0.0878267 0.0903332 0.0878523 0.0901836 0.0983215 0.0900120 0.0982840 0.0982840 0.0982840 0.0979757 0.0872939 0.0872939 0.0980225 0.0956655 0.1128024 0.0956326 
Lemna_minor_strain_9016            0.0849683 0.0820974 0.0822475 0.0820974 0.0472411 0.0515132 0.0584219 0.0493395 0.0516780 0.0141826 0.0123473 0.0123473 0.0087597 0.0087597 0.0000010 0.0000010 0.0000010 0.0000010 0.0000010 0.0000010 0.0000010 0.0087462 0.0000010 0.0000010 0.0000000 0.0000010 0.0000010 0.0514912 0.0514912 0.0514912 0.0537210 0.0514912 0.0297557 0.0297557 0.0278169 0.0538626 0.0519006 0.0672581 0.0506889 0.0506889 0.0506889 0.0536387 0.0565502 0.0160298 0.0160298 0.0162271 0.0161254 0.0161254 0.0161508 0.0161508 0.0536624 0.0519779 0.0516723 0.0515804 0.0515804 0.0492492 0.0515804 0.0520688 0.0515804 0.0536624 0.0536624 0.0514912 0.0717933 0.0717933 0.0694872 0.0694872 0.0717933 0.0717933 0.0749192 0.0749192 0.0749192 0.0749192 0.0749192 0.0695428 0.1158413 0.1129975 0.1100024 0.1132134 0.1125697 0.1098018 0.1143230 0.1071647 0.1163911 0.1163911 0.0964545 0.1156491 0.1158702 0.1175090 0.1039212 0.1039212 0.1041166 0.1041166 0.1192299 0.1194612 0.1194612 0.1279898 0.1192299 0.1230085 0.1136615 0.1136615 0.1138800 0.1120006 0.1034526 0.1101395 0.1153804 0.1156491 0.1103485 0.1156491 0.1156491 0.1158702 0.1201223 0.1201223 0.1201223 0.1201223 0.1201223 0.1201223 0.1201223 0.1064972 0.1158702 0.1156491 0.0982840 0.0955709 0.0955709 0.0913517 0.0902124 0.0902124 0.0901836 0.0901836 0.0903559 0.0897717 0.0981980 0.0981980 0.0879901 0.0905020 0.0880158 0.0903559 0.0985077 0.0900120 0.0984700 0.0982840 0.0982840 0.0979757 0.0874551 0.0874551 0.0980225 0.0956655 0.1128024 0.0956326 
Lemna_minor_strain_9253            0.0826482 0.0799908 0.0799908 0.0799908 0.0474043 0.0516025 0.0584219 0.0493395 0.0517680 0.0142047 0.0123665 0.0123665 0.0087597 0.0087597 0.0000010 0.0000010 0.0000010 0.0000010 0.0000010 0.0000010 0.0000010 0.0087597 0.0000010 0.0000010 0.0000010 0.0000000 0.0000010 0.0515804 0.0515804 0.0515804 0.0538180 0.0515804 0.0298043 0.0298043 0.0278622 0.0539568 0.0496827 0.0674162 0.0507755 0.0507755 0.0507755 0.0537320 0.0566502 0.0160549 0.0160549 0.0162528 0.0161508 0.0161508 0.0161508 0.0161508 0.0537557 0.0520688 0.0517620 0.0516699 0.0516699 0.0493341 0.0515804 0.0521601 0.0515804 0.0537557 0.0537557 0.0515804 0.0717933 0.0717933 0.0694872 0.0694872 0.0717933 0.0717933 0.0749192 0.0749192 0.0749192 0.0749192 0.0749192 0.0696669 0.1160633 0.1132134 0.1102111 0.1132134 0.1127883 0.1100141 0.1145436 0.1071647 0.1166196 0.1166196 0.0966337 0.1158702 0.1158702 0.1177371 0.1041166 0.1041166 0.1041166 0.1041166 0.1194612 0.1194612 0.1194612 0.1279898 0.1192299 0.1230085 0.1138800 0.1138800 0.1138800 0.1122172 0.1034526 0.1103485 0.1158218 0.1158702 0.1103485 0.1158702 0.1158702 0.1158702 0.1203563 0.1203563 0.1203563 0.1203563 0.1203563 0.1203563 0.1203563 0.1064972 0.1160922 0.1158702 0.0984700 0.0957508 0.0957508 0.0913517 0.0902124 0.0902124 0.0903559 0.0901836 0.0903559 0.0897717 0.0981980 0.0981980 0.0879901 0.0905020 0.0880158 0.0903559 0.0985077 0.0901836 0.0984700 0.0984700 0.0984700 0.0981607 0.0874551 0.0874551 0.0982076 0.0958458 0.1130267 0.0958127 
