130
1Landoltia_punctata_strain_7248    0.0000000 0.0000010 0.0000010 0.0021251 0.1873663 0.1742467 0.1826999 0.1642418 0.1575567 0.1575567 0.1575567 0.1437012 0.1437012 0.1463318 0.1466949 0.1517159 0.1437883 0.1437883 0.1460185 0.1463076 0.1437012 0.2170657 0.2170657 0.2174603 0.2190979 0.2208854 0.2190979 0.2170657 0.2124231 0.2151275 0.2147508 0.1714176 0.1839170 0.1957102 0.2048092 0.1511091 0.1511091 0.1509685 0.1531982 0.2247620 0.2063534 0.2214602 0.2202453 0.2218630 0.2218630 0.2220199 0.2220199 0.2112983 0.2195074 0.2045778 0.2168540 0.2214255 0.2221514 0.2221514 0.2189402 0.1125566 0.1199690 0.1126469 0.1200647 0.1294897 0.1236972 0.1236972 0.1265525 0.1309760 0.1261136 0.1263327 0.1263327 0.1090739 0.2922286 0.3192610 0.2774538 0.2783917 0.2942303 0.3058205 0.2784155 0.2885161 0.2835817 0.3008892 0.2989616 0.3019078 0.3109040 0.3118392 0.3163062 0.3025454 0.3041443 0.2941895 0.2915852 0.2909058 0.2999026 0.2945413 0.3140827 0.2789333 0.2789333 0.2789333 0.2789333 0.2789333 0.2791397 0.2767823 0.3059722 0.2727516 0.2727325 0.2652623 0.2326429 0.2771548 0.2835863 0.2833097 0.2801583 0.2547142 0.2498562 0.2621430 0.2621430 0.2755999 0.2713552 0.2487594 0.2489371 0.2486460 0.2445481 0.2417403 0.2780027 0.2444653 0.2771881 0.3207479 0.3266658 0.2644815 0.2479748 0.2427116 0.2516339 0.2499944 0.2542911 0.3037695 
Landoltia_punctata_strain_7260     0.0000010 0.0000000 0.0000010 0.0021251 0.1873663 0.1742467 0.1826999 0.1642418 0.1575567 0.1575567 0.1575567 0.1437012 0.1437012 0.1463318 0.1466949 0.1517159 0.1437883 0.1437883 0.1460185 0.1463076 0.1437012 0.2170657 0.2170657 0.2174603 0.2190979 0.2208854 0.2190979 0.2170657 0.2124231 0.2151275 0.2147508 0.1714176 0.1839170 0.1957102 0.2048092 0.1511091 0.1511091 0.1509685 0.1531982 0.2247620 0.2063534 0.2214602 0.2202453 0.2218630 0.2218630 0.2220199 0.2220199 0.2112983 0.2195074 0.2045778 0.2168540 0.2214255 0.2221514 0.2221514 0.2189402 0.1125566 0.1199690 0.1126469 0.1200647 0.1294897 0.1236972 0.1236972 0.1265525 0.1309760 0.1261136 0.1263327 0.1263327 0.1090739 0.2922286 0.3192610 0.2774538 0.2783917 0.2942303 0.3058205 0.2784155 0.2885161 0.2835817 0.3008892 0.2989616 0.3019078 0.3109040 0.3118392 0.3163062 0.3025454 0.3041443 0.2941895 0.2915852 0.2909058 0.2999026 0.2945413 0.3140827 0.2789333 0.2789333 0.2789333 0.2789333 0.2789333 0.2791397 0.2767823 0.3059722 0.2727516 0.2727325 0.2652623 0.2326429 0.2771548 0.2835863 0.2833097 0.2801583 0.2547142 0.2498562 0.2621430 0.2621430 0.2755999 0.2713552 0.2487594 0.2489371 0.2486460 0.2445481 0.2417403 0.2780027 0.2444653 0.2771881 0.3207479 0.3266658 0.2644815 0.2479748 0.2427116 0.2516339 0.2499944 0.2542911 0.3037695 
Landoltia_punctata_strain_7449     0.0000010 0.0000010 0.0000000 0.0021257 0.1873663 0.1742467 0.1828213 0.1643455 0.1575567 0.1575567 0.1575567 0.1437883 0.1437883 0.1464211 0.1467847 0.1517159 0.1437883 0.1437883 0.1461074 0.1463076 0.1437883 0.2172183 0.2172183 0.2176134 0.2192520 0.2210435 0.2192520 0.2172183 0.2125666 0.2152734 0.2148962 0.1715275 0.1840580 0.1958448 0.2049570 0.1512023 0.1512023 0.1509685 0.1531982 0.2249208 0.2064978 0.2216165 0.2204005 0.2220199 0.2220199 0.2221770 0.2221770 0.2114457 0.2195074 0.2047158 0.2168540 0.2215818 0.2223026 0.2223026 0.2190891 0.1125566 0.1199690 0.1126469 0.1200647 0.1294897 0.1236972 0.1236972 0.1265525 0.1309760 0.1261136 0.1263327 0.1263327 0.1091765 0.2922286 0.3192610 0.2776577 0.2785943 0.2942303 0.3060496 0.2784155 0.2887281 0.2835817 0.3008892 0.2989616 0.3019078 0.3109040 0.3118392 0.3163062 0.3025454 0.3041443 0.2941895 0.2915852 0.2909058 0.2999026 0.2945413 0.3140827 0.2791384 0.2791384 0.2791384 0.2791384 0.2791384 0.2793450 0.2769857 0.3059722 0.2729571 0.2729309 0.2654542 0.2326429 0.2771548 0.2835863 0.2835863 0.2801583 0.2547142 0.2498562 0.2621430 0.2621430 0.2755999 0.2713552 0.2487594 0.2489371 0.2486460 0.2445481 0.2417403 0.2780027 0.2447017 0.2771881 0.3209933 0.3269155 0.2646727 0.2479748 0.2427116 0.2518138 0.2501728 0.2544728 0.3039912 
Landoltia_punctata_strain_9278     0.0021251 0.0021251 0.0021257 0.0000000 0.1915202 0.1783342 0.1868377 0.1637779 0.1531823 0.1549875 0.1549875 0.1418240 0.1418240 0.1444398 0.1447970 0.1492011 0.1419096 0.1419096 0.1441315 0.1438369 0.1418240 0.2214981 0.2214981 0.2219003 0.2235370 0.2254060 0.2235370 0.2214981 0.2166739 0.2193983 0.2190146 0.1693948 0.1886929 0.2000099 0.2093373 0.1512176 0.1512176 0.1490576 0.1506919 0.2292346 0.2107474 0.2259210 0.2246943 0.2263314 0.2263314 0.2264918 0.2264918 0.2156873 0.2238083 0.2088082 0.2211273 0.2258862 0.2264531 0.2264531 0.2232307 0.1216112 0.1291426 0.1217072 0.1292437 0.1387688 0.1329235 0.1329235 0.1304671 0.1349380 0.1300148 0.1302406 0.1302406 0.1180830 0.2948536 0.3219930 0.2795667 0.2783537 0.2968458 0.3085531 0.2783781 0.2906351 0.2856541 0.3035336 0.3016022 0.3045575 0.3135781 0.3145232 0.3190784 0.3052177 0.3068219 0.2968043 0.2941895 0.2962129 0.3025439 0.2971603 0.3167887 0.2842672 0.2842672 0.2842672 0.2842672 0.2842672 0.2844771 0.2821040 0.3086429 0.2754297 0.2753180 0.2678183 0.2326091 0.2806306 0.2870917 0.2868109 0.2836440 0.2582362 0.2523930 0.2646885 0.2646885 0.2781880 0.2739317 0.2512530 0.2514328 0.2511395 0.2479163 0.2450990 0.2807050 0.2478300 0.2798966 0.3235713 0.3294998 0.2670342 0.2505171 0.2451923 0.2541334 0.2524872 0.2567946 0.3091713 
Lemna_aequinoctialis_strain_6612   0.1873663 0.1873663 0.1873663 0.1915202 0.0000000 0.0172614 0.0111640 0.1328038 0.1202503 0.1327549 0.1327549 0.1076167 0.1076167 0.1078868 0.1081309 0.1161888 0.1076167 0.1076167 0.1076762 0.1113329 0.1076167 0.1080929 0.1080929 0.1080929 0.1080929 0.1097063 0.1080929 0.1080929 0.1060235 0.1079108 0.1079108 0.1351267 0.0222269 0.0442651 0.0466078 0.1239278 0.1239278 0.1173079 0.1208812 0.1162601 0.1084478 0.1114944 0.1129542 0.1114944 0.1114944 0.1115613 0.1115613 0.1103479 0.1111792 0.1083135 0.1079108 0.1114556 0.1157626 0.1157626 0.1111420 0.1861996 0.1858829 0.1861996 0.1858829 0.1911406 0.1858829 0.1858829 0.1725095 0.1799058 0.1718982 0.1722034 0.1722034 0.1864943 0.2901853 0.3040274 0.2921675 0.2967847 0.3032140 0.3093849 0.2676713 0.2810498 0.2776031 0.2975784 0.2981538 0.3011658 0.3074181 0.3107527 0.3059003 0.2983898 0.2917225 0.3033941 0.3007155 0.3027857 0.3092834 0.3037663 0.3236563 0.2637583 0.2637583 0.2637583 0.2637583 0.2637583 0.2665971 0.2616111 0.3153098 0.2758218 0.2768626 0.2773401 0.2381416 0.2630139 0.2666163 0.2666163 0.2631708 0.2721111 0.2367988 0.2649590 0.2649590 0.2788018 0.2744374 0.2570135 0.2598650 0.2568968 0.2723402 0.2694254 0.2810041 0.2724968 0.2801783 0.3416606 0.3439607 0.2675627 0.2377588 0.2296169 0.2744706 0.2665910 0.2710836 0.3386959 
Lemna_aequinoctialis_strain_6746   0.1742467 0.1742467 0.1742467 0.1783342 0.0172614 0.0000000 0.0089477 0.1135315 0.1014525 0.1136243 0.1136243 0.0914210 0.0914210 0.0915901 0.0917862 0.0975576 0.0914210 0.0914210 0.0914210 0.0949398 0.0914210 0.0956742 0.0956742 0.0956742 0.0956742 0.0970523 0.0956742 0.0956742 0.0941487 0.0959732 0.0959732 0.1158093 0.0086320 0.0323933 0.0340572 0.1033220 0.1033220 0.1033580 0.1068183 0.0930939 0.0919579 0.0969719 0.0983108 0.0969719 0.0969719 0.0970278 0.0970278 0.0957841 0.0972208 0.0924508 0.0959732 0.0969335 0.0934913 0.0934913 0.0971840 0.1629440 0.1626709 0.1629440 0.1626709 0.1660129 0.1626709 0.1626709 0.1558508 0.1587631 0.1555733 0.1555733 0.1555733 0.1631980 0.2731343 0.2873828 0.2854309 0.2901040 0.2913724 0.2971899 0.2578192 0.2710336 0.2677398 0.2820209 0.2825712 0.2855636 0.2917857 0.2923622 0.2898138 0.2827171 0.2815113 0.2913314 0.2886760 0.2906763 0.2971536 0.2916869 0.3116113 0.2623543 0.2623543 0.2623543 0.2623543 0.2623543 0.2652262 0.2601800 0.3033394 0.2589903 0.2627275 0.2631794 0.2224076 0.2447985 0.2483376 0.2483376 0.2449559 0.2533063 0.2297048 0.2509885 0.2509885 0.2646932 0.2603614 0.2431581 0.2459780 0.2430416 0.2540208 0.2511280 0.2640788 0.2541784 0.2632069 0.3239813 0.3263635 0.2535575 0.2307867 0.2227989 0.2633610 0.2555484 0.2600217 0.3272830 
Lemna_aequinoctialis_strain_7126   0.1826999 0.1826999 0.1828213 0.1868377 0.0111640 0.0089477 0.0000000 0.1224988 0.1101581 0.1224916 0.1224916 0.0997041 0.0997041 0.0999481 0.1001687 0.1061219 0.0997579 0.0997579 0.0997579 0.1033837 0.0997041 0.1044336 0.1044336 0.1044336 0.1044336 0.1059777 0.1044336 0.1044336 0.1025239 0.1043940 0.1043940 0.1225866 0.0086591 0.0385120 0.0405338 0.1140143 0.1140143 0.1119418 0.1154761 0.1017700 0.1026961 0.1057653 0.1071804 0.1057653 0.1057653 0.1058278 0.1058278 0.1046245 0.1057339 0.1027820 0.1044531 0.1057266 0.1018337 0.1018337 0.1056367 0.1862403 0.1859235 0.1862403 0.1859235 0.1893680 0.1859235 0.1859235 0.1684812 0.1714940 0.1681824 0.1681824 0.1681824 0.1863427 0.2816944 0.3055826 0.3001749 0.3047032 0.3007841 0.3066704 0.2718139 0.2851825 0.2818479 0.2996782 0.3002594 0.3032862 0.3095680 0.3129210 0.3081066 0.3005084 0.2937949 0.3009636 0.2982799 0.3003436 0.3068608 0.3013338 0.3212570 0.2767528 0.2767528 0.2767528 0.2767528 0.2767528 0.2796703 0.2745656 0.3128959 0.2743445 0.2776194 0.2780983 0.2362763 0.2650618 0.2686832 0.2684148 0.2652190 0.2742559 0.2385623 0.2659056 0.2659056 0.2797658 0.2753966 0.2579481 0.2608032 0.2578314 0.2744306 0.2715035 0.2797346 0.2743129 0.2789048 0.3401041 0.3424114 0.2683136 0.2395383 0.2313229 0.2752264 0.2673430 0.2718365 0.3427208 
Lemna_disperma_strain_7269         0.1642418 0.1642418 0.1643455 0.1637779 0.1328038 0.1135315 0.1224988 0.0000000 0.0192250 0.0187757 0.0187757 0.0460857 0.0460857 0.0461707 0.0462475 0.0495643 0.0461044 0.0461044 0.0461044 0.0461079 0.0460857 0.1244419 0.1244419 0.1244419 0.1244419 0.1263142 0.1244419 0.1244419 0.1217352 0.1236410 0.1236410 0.0705929 0.1360351 0.1322778 0.1376704 0.0613753 0.0613753 0.0602513 0.0601493 0.1262738 0.1229834 0.1258128 0.1273256 0.1258128 0.1258128 0.1258128 0.1258128 0.1246830 0.1250310 0.1222362 0.1237123 0.1257756 0.1254017 0.1254017 0.1249227 0.1678218 0.1718643 0.1639512 0.1679707 0.1775973 0.1718643 0.1718643 0.1594785 0.1645651 0.1592034 0.1592034 0.1592034 0.1640390 0.2884580 0.3062409 0.2894935 0.2895790 0.2925015 0.3007382 0.2698982 0.2829295 0.2745071 0.2995584 0.2995584 0.3025243 0.3086804 0.3126531 0.3077404 0.2978755 0.2982717 0.2926725 0.2900721 0.2945854 0.2983758 0.2930221 0.3123058 0.2701905 0.2701905 0.2701905 0.2701905 0.2701905 0.2758041 0.2680563 0.3042127 0.2678518 0.2710614 0.2690724 0.2271588 0.2523343 0.2558492 0.2555986 0.2524893 0.2645652 0.2440428 0.2573333 0.2573333 0.2681210 0.2639067 0.2471500 0.2498951 0.2470368 0.2614703 0.2586084 0.2701787 0.2613689 0.2693477 0.3224298 0.3220880 0.2596590 0.2480874 0.2368545 0.2666431 0.2588552 0.2633884 0.3306273 
Lemna_gibba_strain_7589            0.1575567 0.1575567 0.1575567 0.1531823 0.1202503 0.1014525 0.1101581 0.0192250 0.0000000 0.0010605 0.0010605 0.0317486 0.0317486 0.0318030 0.0318522 0.0361025 0.0317486 0.0317486 0.0317606 0.0329865 0.0317486 0.1185825 0.1185825 0.1185825 0.1185825 0.1203722 0.1185825 0.1185825 0.1160880 0.1179974 0.1179974 0.0591371 0.1217446 0.1196494 0.1265477 0.0459479 0.0459479 0.0433163 0.0445597 0.1204115 0.1171026 0.1199511 0.1168555 0.1199511 0.1199511 0.1200236 0.1200236 0.1142577 0.1193124 0.1166406 0.1179974 0.1199131 0.1197547 0.1197547 0.1192758 0.1573975 0.1613988 0.1535651 0.1575420 0.1646279 0.1613988 0.1613988 0.1461554 0.1510425 0.1459038 0.1459038 0.1459038 0.1538004 0.2766104 0.2944358 0.2769342 0.2787969 0.2806359 0.2886365 0.2564875 0.2686186 0.2614818 0.2879620 0.2879620 0.2908863 0.2969633 0.3008488 0.3010075 0.2889414 0.2861707 0.2808001 0.2782479 0.2826300 0.2863825 0.2811303 0.3000286 0.2560594 0.2560594 0.2560594 0.2560594 0.2560594 0.2615183 0.2539613 0.2920965 0.2457525 0.2468326 0.2448893 0.2095504 0.2297062 0.2330913 0.2330913 0.2298584 0.2409454 0.2279384 0.2361042 0.2361042 0.2466271 0.2425070 0.2288474 0.2315254 0.2287360 0.2385763 0.2357847 0.2478044 0.2387293 0.2469264 0.3102340 0.3069842 0.2385358 0.2317506 0.2211274 0.2479645 0.2405508 0.2448210 0.3177041 
Lemna_gibba_strain_7741            0.1575567 0.1575567 0.1575567 0.1549875 0.1327549 0.1136243 0.1224916 0.0187757 0.0010605 0.0000000 0.0000010 0.0417873 0.0417873 0.0418622 0.0419301 0.0464143 0.0417873 0.0417873 0.0418038 0.0430606 0.0417873 0.1267621 0.1267621 0.1267621 0.1267621 0.1286866 0.1267621 0.1267621 0.1239455 0.1258685 0.1258685 0.0705765 0.1360828 0.1323058 0.1398137 0.0565804 0.0565804 0.0539779 0.0552394 0.1286138 0.1252971 0.1281482 0.1250391 0.1281482 0.1281482 0.1282261 0.1282261 0.1224069 0.1272002 0.1245299 0.1258685 0.1281109 0.1276477 0.1276477 0.1271642 0.1589499 0.1629294 0.1551385 0.1590940 0.1685890 0.1629294 0.1629294 0.1461554 0.1510425 0.1459038 0.1459038 0.1459038 0.1553747 0.2766104 0.2944358 0.2785855 0.2787969 0.2806359 0.2886365 0.2585405 0.2713891 0.2630809 0.2879620 0.2879620 0.2908863 0.2969633 0.3008488 0.3010075 0.2889414 0.2861707 0.2808001 0.2782479 0.2826300 0.2863825 0.2811303 0.3000286 0.2560594 0.2560594 0.2560594 0.2560594 0.2560594 0.2615183 0.2539613 0.2920965 0.2457525 0.2468326 0.2448893 0.2095504 0.2297062 0.2330913 0.2330913 0.2298584 0.2409454 0.2279384 0.2361042 0.2361042 0.2466271 0.2425070 0.2288474 0.2315254 0.2287360 0.2385763 0.2357847 0.2478044 0.2387293 0.2469264 0.3102340 0.3069842 0.2385358 0.2317506 0.2211274 0.2479645 0.2405508 0.2448210 0.3177041 
Lemna_gibba_strain_7784            0.1575567 0.1575567 0.1575567 0.1549875 0.1327549 0.1136243 0.1224916 0.0187757 0.0010605 0.0000010 0.0000000 0.0417873 0.0417873 0.0418622 0.0419301 0.0464143 0.0417873 0.0417873 0.0418038 0.0430606 0.0417873 0.1267621 0.1267621 0.1267621 0.1267621 0.1286866 0.1267621 0.1267621 0.1239455 0.1258685 0.1258685 0.0705765 0.1360828 0.1323058 0.1398137 0.0565804 0.0565804 0.0539779 0.0552394 0.1286138 0.1252971 0.1281482 0.1250391 0.1281482 0.1281482 0.1282261 0.1282261 0.1224069 0.1272002 0.1245299 0.1258685 0.1281109 0.1276477 0.1276477 0.1271642 0.1589499 0.1629294 0.1551385 0.1590940 0.1685890 0.1629294 0.1629294 0.1461554 0.1510425 0.1459038 0.1459038 0.1459038 0.1553747 0.2766104 0.2944358 0.2785855 0.2787969 0.2806359 0.2886365 0.2585405 0.2713891 0.2630809 0.2879620 0.2879620 0.2908863 0.2969633 0.3008488 0.3010075 0.2889414 0.2861707 0.2808001 0.2782479 0.2826300 0.2863825 0.2811303 0.3000286 0.2560594 0.2560594 0.2560594 0.2560594 0.2560594 0.2615183 0.2539613 0.2920965 0.2457525 0.2468326 0.2448893 0.2095504 0.2297062 0.2330913 0.2330913 0.2298584 0.2409454 0.2279384 0.2361042 0.2361042 0.2466271 0.2425070 0.2288474 0.2315254 0.2287360 0.2385763 0.2357847 0.2478044 0.2387293 0.2469264 0.3102340 0.3069842 0.2385358 0.2317506 0.2211274 0.2479645 0.2405508 0.2448210 0.3177041 
Lemna_japonica_strain_0189         0.1437012 0.1437012 0.1437883 0.1418240 0.1076167 0.0914210 0.0997041 0.0460857 0.0317486 0.0417873 0.0417873 0.0000000 0.0000010 0.0000010 0.0000010 0.0041987 0.0000010 0.0000010 0.0000010 0.0020572 0.0000010 0.0917248 0.0917248 0.0907299 0.0917248 0.0929008 0.0917248 0.0907299 0.0975372 0.0993297 0.0993297 0.0348711 0.1020953 0.1087873 0.1166217 0.0275079 0.0275079 0.0239985 0.0264901 0.0932553 0.0892357 0.0928833 0.0891991 0.0928833 0.0928833 0.0929310 0.0919434 0.0880061 0.1006099 0.0979884 0.0993836 0.0928489 0.0899842 0.0902643 0.0901328 0.1540843 0.1579998 0.1503332 0.1542247 0.1637466 0.1579998 0.1579998 0.1329809 0.1374292 0.1325252 0.1327527 0.1327527 0.1504119 0.2590557 0.2832628 0.2690460 0.2690724 0.2626596 0.2579872 0.2470880 0.2618489 0.2565279 0.2751347 0.2756530 0.2785207 0.2844879 0.2882649 0.2850449 0.2841601 0.2678091 0.2626302 0.2601690 0.2643193 0.2679900 0.2629293 0.2813026 0.2141693 0.2141693 0.2141693 0.2141693 0.2141693 0.2182903 0.2124447 0.2736698 0.2354151 0.2230441 0.2271348 0.1966682 0.2292771 0.2326548 0.2324318 0.2294290 0.2404808 0.2215908 0.2303562 0.2303562 0.2432541 0.2391607 0.2206354 0.2232752 0.2205256 0.2381292 0.2353430 0.2417136 0.2380532 0.2408263 0.2909623 0.3013098 0.2149735 0.2250195 0.2151020 0.2204764 0.2113051 0.2195415 0.2642563 
Lemna_japonica_strain_0216         0.1437012 0.1437012 0.1437883 0.1418240 0.1076167 0.0914210 0.0997041 0.0460857 0.0317486 0.0417873 0.0417873 0.0000010 0.0000000 0.0000010 0.0000010 0.0041987 0.0000010 0.0000010 0.0000010 0.0020572 0.0000010 0.0917248 0.0917248 0.0907299 0.0917248 0.0929008 0.0917248 0.0907299 0.0975372 0.0993297 0.0993297 0.0348711 0.1020953 0.1087873 0.1166217 0.0275079 0.0275079 0.0239985 0.0264901 0.0932553 0.0892357 0.0928833 0.0891991 0.0928833 0.0928833 0.0929310 0.0919434 0.0880061 0.1006099 0.0979884 0.0993836 0.0928489 0.0899842 0.0902643 0.0901328 0.1540843 0.1579998 0.1503332 0.1542247 0.1637466 0.1579998 0.1579998 0.1329809 0.1374292 0.1325252 0.1327527 0.1327527 0.1504119 0.2590557 0.2832628 0.2690460 0.2690724 0.2626596 0.2579872 0.2470880 0.2618489 0.2565279 0.2751347 0.2756530 0.2785207 0.2844879 0.2882649 0.2850449 0.2841601 0.2678091 0.2626302 0.2601690 0.2643193 0.2679900 0.2629293 0.2813026 0.2148810 0.2148810 0.2148810 0.2148810 0.2148810 0.2189947 0.2131661 0.2736698 0.2354151 0.2228381 0.2271348 0.1966682 0.2292771 0.2326548 0.2324318 0.2294290 0.2404808 0.2215908 0.2303562 0.2303562 0.2432541 0.2391607 0.2206354 0.2232752 0.2205256 0.2381292 0.2353430 0.2417136 0.2380532 0.2408263 0.2909623 0.3036651 0.2149735 0.2250195 0.2151020 0.2204764 0.2111107 0.2195415 0.2651174 
Lemna_japonica_strain_8695         0.1463318 0.1463318 0.1464211 0.1444398 0.1078868 0.0915901 0.0999481 0.0461707 0.0318030 0.0418622 0.0418622 0.0000010 0.0000010 0.0000000 0.0000010 0.0042045 0.0000010 0.0000010 0.0000010 0.0020600 0.0000010 0.0919378 0.0919378 0.0909419 0.0919378 0.0929008 0.0919378 0.0909419 0.0977762 0.0995742 0.0995742 0.0349329 0.1020953 0.1087873 0.1169179 0.0275532 0.0275532 0.0240374 0.0265337 0.0934730 0.0894436 0.0930996 0.0894069 0.0930996 0.0930996 0.0931476 0.0921590 0.0882080 0.1008585 0.0982296 0.0996284 0.0930651 0.0908980 0.0911893 0.0904403 0.1547706 0.1587066 0.1510001 0.1549119 0.1644815 0.1587066 0.1587066 0.1333381 0.1378021 0.1328801 0.1331088 0.1331088 0.1510795 0.2598791 0.2841890 0.2699328 0.2699486 0.2634922 0.2579872 0.2478658 0.2626938 0.2573407 0.2760236 0.2765449 0.2794230 0.2854111 0.2892043 0.2859981 0.2850948 0.2686706 0.2634623 0.2609917 0.2651615 0.2688438 0.2637634 0.2822107 0.2140709 0.2140709 0.2140709 0.2140709 0.2140709 0.2186076 0.2122616 0.2745472 0.2295932 0.2179886 0.2150985 0.1972536 0.2302714 0.2336667 0.2334417 0.2304240 0.2415591 0.2222970 0.2310870 0.2310870 0.2440309 0.2399235 0.2213289 0.2239783 0.2212187 0.2391664 0.2363673 0.2425144 0.2390891 0.2416263 0.2826567 0.2958243 0.2088233 0.2257439 0.2157758 0.2124236 0.2052864 0.2097834 0.2719696 
Lemna_japonica_strain_9017         0.1466949 0.1466949 0.1467847 0.1447970 0.1081309 0.0917862 0.1001687 0.0462475 0.0318522 0.0419301 0.0419301 0.0000010 0.0000010 0.0000010 0.0000000 0.0042098 0.0000010 0.0000010 0.0000010 0.0020625 0.0000010 0.0921303 0.0921303 0.0911334 0.0921303 0.0929008 0.0921303 0.0911334 0.0979922 0.0997952 0.0997952 0.0349888 0.1023341 0.1090752 0.1171856 0.0262882 0.0262882 0.0240726 0.0265732 0.0936698 0.0896315 0.0932951 0.0895948 0.0932951 0.0932951 0.0933433 0.0923539 0.0883905 0.1010832 0.0984477 0.0998496 0.0932606 0.0912323 0.0915258 0.0907285 0.1553922 0.1593468 0.1516042 0.1555344 0.1651470 0.1593468 0.1593468 0.1336608 0.1381390 0.1332007 0.1334304 0.1334304 0.1516843 0.2606215 0.2850239 0.2707323 0.2707385 0.2642427 0.2586178 0.2485671 0.2634556 0.2580735 0.2768248 0.2773489 0.2802363 0.2862433 0.2900510 0.2868574 0.2859373 0.2694473 0.2642124 0.2617334 0.2659208 0.2696135 0.2645154 0.2830292 0.2135941 0.2135941 0.2135941 0.2135941 0.2135941 0.2181223 0.2117873 0.2753380 0.2308193 0.2190306 0.2179205 0.1977817 0.2311702 0.2345813 0.2343545 0.2313234 0.2425338 0.2229341 0.2317461 0.2317461 0.2447315 0.2406115 0.2219545 0.2246124 0.2218439 0.2401038 0.2372931 0.2432368 0.2400253 0.2423479 0.2841396 0.2974563 0.2098132 0.2263975 0.2163838 0.2134339 0.2062611 0.2107773 0.2713976 
Lemna_minor_strain_7018            0.1517159 0.1517159 0.1517159 0.1492011 0.1161888 0.0975576 0.1061219 0.0495643 0.0361025 0.0464143 0.0464143 0.0041987 0.0041987 0.0042045 0.0042098 0.0000000 0.0041987 0.0041987 0.0042000 0.0041990 0.0041987 0.1063934 0.1063934 0.1063934 0.1063934 0.1079429 0.1063934 0.1063934 0.1044358 0.1062797 0.1062797 0.0326472 0.1165236 0.1201469 0.1269513 0.0342400 0.0342400 0.0294597 0.0294111 0.1081436 0.1049623 0.1077061 0.1047028 0.1077061 0.1077061 0.1077689 0.1077689 0.1021644 0.1075423 0.1049616 0.1062797 0.1076682 0.1079628 0.1079628 0.1075057 0.1569336 0.1608586 0.1531740 0.1570752 0.1670641 0.1608586 0.1608586 0.1402298 0.1447920 0.1397468 0.1399880 0.1399880 0.1534044 0.2718782 0.2942382 0.2746446 0.2742726 0.2785515 0.2864838 0.2572220 0.2726705 0.2668752 0.2884535 0.2890020 0.2919370 0.2980355 0.3019378 0.2990206 0.2978883 0.2809428 0.2785155 0.2759700 0.2803311 0.2840799 0.2788424 0.2922510 0.2565129 0.2565129 0.2565129 0.2565129 0.2565129 0.2619851 0.2544104 0.2844205 0.2531630 0.2539793 0.2520101 0.2117843 0.2331884 0.2365928 0.2365928 0.2333412 0.2445778 0.2286032 0.2431031 0.2431031 0.2563281 0.2521411 0.2330902 0.2357995 0.2329777 0.2420981 0.2392961 0.2497122 0.2422516 0.2488340 0.3121974 0.3153246 0.2455762 0.2374239 0.2270076 0.2524530 0.2449502 0.2492641 0.3047984 
Lemna_minor_strain_7136            0.1437883 0.1437883 0.1437883 0.1419096 0.1076167 0.0914210 0.0997579 0.0461044 0.0317486 0.0417873 0.0417873 0.0000010 0.0000010 0.0000010 0.0000010 0.0041987 0.0000000 0.0000010 0.0000010 0.0020572 0.0000010 0.0992258 0.0992258 0.0992258 0.0992258 0.1006296 0.0992258 0.0992258 0.0975899 0.0993836 0.0993836 0.0348847 0.1090127 0.1108929 0.1170993 0.0275179 0.0275179 0.0239985 0.0264901 0.1009189 0.0977753 0.1005001 0.0975682 0.1005001 0.1005001 0.1005570 0.1005570 0.0951229 0.1006099 0.0980416 0.0993836 0.1004627 0.1010130 0.1010130 0.1005739 0.1540843 0.1579998 0.1503332 0.1542247 0.1637466 0.1579998 0.1579998 0.1329809 0.1374292 0.1325252 0.1327527 0.1327527 0.1505591 0.2590557 0.2832628 0.2692420 0.2692661 0.2626596 0.2699240 0.2470880 0.2620357 0.2565279 0.2751347 0.2756530 0.2785207 0.2844879 0.2882649 0.2850449 0.2841601 0.2678091 0.2626302 0.2601690 0.2643193 0.2679900 0.2629293 0.2813026 0.2438236 0.2438236 0.2438236 0.2438236 0.2438236 0.2491271 0.2417646 0.2736698 0.2396885 0.2436626 0.2417288 0.1966682 0.2292771 0.2326548 0.2326548 0.2294290 0.2404808 0.2215908 0.2303562 0.2303562 0.2432541 0.2391607 0.2206354 0.2232752 0.2205256 0.2381292 0.2353430 0.2417136 0.2382820 0.2408263 0.3004610 0.3002726 0.2327580 0.2250195 0.2151020 0.2394336 0.2321325 0.2363522 0.2994010 
Lemna_minor_strain_7210            0.1437883 0.1437883 0.1437883 0.1419096 0.1076167 0.0914210 0.0997579 0.0461044 0.0317486 0.0417873 0.0417873 0.0000010 0.0000010 0.0000010 0.0000010 0.0041987 0.0000010 0.0000000 0.0000010 0.0020572 0.0000010 0.0992258 0.0992258 0.0992258 0.0992258 0.1006296 0.0992258 0.0992258 0.0975899 0.0993836 0.0993836 0.0348847 0.1090127 0.1108929 0.1170993 0.0275179 0.0275179 0.0239985 0.0264901 0.1009189 0.0977753 0.1005001 0.0975682 0.1005001 0.1005001 0.1005570 0.1005570 0.0951229 0.1006099 0.0980416 0.0993836 0.1004627 0.1010130 0.1010130 0.1005739 0.1540843 0.1579998 0.1503332 0.1542247 0.1637466 0.1579998 0.1579998 0.1329809 0.1374292 0.1325252 0.1327527 0.1327527 0.1505591 0.2590557 0.2832628 0.2692420 0.2692661 0.2626596 0.2699240 0.2470880 0.2620357 0.2565279 0.2751347 0.2756530 0.2785207 0.2844879 0.2882649 0.2850449 0.2841601 0.2678091 0.2626302 0.2601690 0.2643193 0.2679900 0.2629293 0.2813026 0.2438236 0.2438236 0.2438236 0.2438236 0.2438236 0.2491271 0.2417646 0.2736698 0.2396885 0.2436626 0.2417288 0.1966682 0.2292771 0.2326548 0.2326548 0.2294290 0.2404808 0.2215908 0.2303562 0.2303562 0.2432541 0.2391607 0.2206354 0.2232752 0.2205256 0.2381292 0.2353430 0.2417136 0.2382820 0.2408263 0.3004610 0.3002726 0.2327580 0.2250195 0.2151020 0.2394336 0.2321325 0.2363522 0.2994010 
Lemna_minor_strain_9016            0.1460185 0.1460185 0.1461074 0.1441315 0.1076762 0.0914210 0.0997579 0.0461044 0.0317606 0.0418038 0.0418038 0.0000010 0.0000010 0.0000010 0.0000010 0.0042000 0.0000010 0.0000010 0.0000000 0.0020572 0.0000010 0.0992258 0.0992258 0.0992258 0.0992258 0.1006296 0.0992258 0.0992258 0.0975899 0.0993836 0.0993836 0.0348847 0.1090127 0.1108929 0.1170993 0.0275179 0.0275179 0.0240071 0.0264997 0.1009189 0.0977753 0.1005001 0.0975682 0.1005001 0.1005001 0.1005570 0.1005570 0.0951229 0.1006647 0.0980416 0.0994376 0.1004627 0.1010130 0.1010130 0.1005739 0.1542356 0.1581556 0.1504803 0.1543762 0.1639086 0.1581556 0.1581556 0.1330597 0.1375115 0.1326035 0.1328313 0.1328313 0.1505591 0.2592378 0.2834676 0.2692420 0.2692661 0.2628437 0.2699240 0.2472600 0.2620357 0.2567076 0.2753313 0.2758502 0.2787202 0.2846921 0.2884726 0.2852557 0.2843668 0.2679996 0.2628142 0.2603509 0.2645055 0.2681788 0.2631137 0.2815034 0.2438236 0.2438236 0.2438236 0.2438236 0.2438236 0.2491271 0.2417646 0.2738638 0.2396885 0.2436626 0.2417288 0.1967976 0.2294967 0.2328782 0.2326548 0.2296487 0.2407189 0.2217469 0.2305177 0.2305177 0.2434258 0.2393293 0.2207887 0.2234306 0.2206788 0.2383583 0.2355692 0.2418906 0.2382820 0.2410031 0.3004610 0.3002726 0.2327580 0.2251796 0.2152509 0.2394336 0.2321325 0.2363522 0.2991832 
Lemna_minor_strain_9253            0.1463076 0.1463076 0.1463076 0.1438369 0.1113329 0.0949398 0.1033837 0.0461079 0.0329865 0.0430606 0.0430606 0.0020572 0.0020572 0.0020600 0.0020625 0.0041990 0.0020572 0.0020572 0.0020572 0.0000000 0.0020572 0.1030141 0.1030141 0.1030141 0.1030141 0.1044860 0.1030141 0.1030141 0.1012185 0.1030292 0.1030292 0.0349388 0.1132578 0.1146953 0.1211186 0.0313239 0.0313239 0.0265347 0.0264528 0.1047278 0.1015627 0.1043013 0.1013482 0.1043013 0.1043013 0.1043609 0.1043609 0.0988671 0.1042678 0.1016885 0.1030292 0.1042638 0.1046781 0.1046781 0.1042317 0.1603440 0.1642941 0.1565612 0.1604875 0.1705372 0.1642941 0.1642941 0.1369816 0.1414775 0.1365124 0.1367467 0.1367467 0.1567976 0.2642652 0.2887454 0.2746996 0.2767761 0.2678722 0.2753374 0.2521895 0.2673427 0.2617085 0.2805101 0.2810393 0.2839280 0.2899352 0.2937543 0.2906612 0.2896798 0.2731251 0.2678405 0.2653570 0.2695675 0.2732558 0.2681480 0.2867054 0.2490117 0.2490117 0.2490117 0.2490117 0.2490117 0.2543719 0.2469397 0.2789970 0.2450120 0.2488465 0.2469005 0.2012809 0.2361949 0.2396142 0.2396142 0.2363480 0.2477077 0.2266375 0.2354191 0.2354191 0.2484120 0.2442926 0.2256083 0.2282687 0.2254976 0.2451340 0.2423245 0.2470569 0.2452877 0.2461793 0.3062807 0.3060513 0.2378429 0.2301334 0.2200344 0.2445806 0.2372190 0.2414649 0.3050090 
Lemna_minor_strain_9417            0.1437012 0.1437012 0.1437883 0.1418240 0.1076167 0.0914210 0.0997041 0.0460857 0.0317486 0.0417873 0.0417873 0.0000010 0.0000010 0.0000010 0.0000010 0.0041987 0.0000010 0.0000010 0.0000010 0.0020572 0.0000000 0.0991699 0.0991699 0.0991699 0.0991699 0.1005718 0.0991699 0.0991699 0.0975372 0.0993297 0.0993297 0.0348711 0.1089439 0.1108302 0.1170294 0.0275079 0.0275079 0.0239985 0.0264901 0.1008617 0.0977202 0.1004433 0.0975133 0.1004433 0.1004433 0.1005001 0.1005001 0.0950700 0.1006099 0.0979884 0.0993836 0.1004059 0.1009580 0.1009580 0.1005192 0.1540843 0.1579998 0.1503332 0.1542247 0.1637466 0.1579998 0.1579998 0.1329809 0.1374292 0.1325252 0.1327527 0.1327527 0.1504119 0.2590557 0.2832628 0.2690460 0.2690724 0.2626596 0.2697291 0.2470880 0.2618489 0.2565279 0.2751347 0.2756530 0.2785207 0.2844879 0.2882649 0.2850449 0.2841601 0.2678091 0.2626302 0.2601690 0.2643193 0.2679900 0.2629293 0.2813026 0.2436508 0.2436508 0.2436508 0.2436508 0.2436508 0.2489495 0.2415933 0.2736698 0.2395135 0.2434901 0.2415577 0.1966682 0.2292771 0.2326548 0.2324318 0.2294290 0.2404808 0.2215908 0.2303562 0.2303562 0.2432541 0.2391607 0.2206354 0.2232752 0.2205256 0.2381292 0.2353430 0.2417136 0.2380532 0.2408263 0.3002344 0.3000477 0.2325946 0.2250195 0.2151020 0.2392645 0.2319695 0.2361860 0.2991832 
Lemna_minuta_clone_5571            0.2170657 0.2170657 0.2172183 0.2214981 0.1080929 0.0956742 0.1044336 0.1244419 0.1185825 0.1267621 0.1267621 0.0917248 0.0917248 0.0919378 0.0921303 0.1063934 0.0992258 0.0992258 0.0992258 0.1030141 0.0991699 0.0000000 0.0000010 0.0000010 0.0000010 0.0000010 0.0000010 0.0000010 0.0011272 0.0000010 0.0000010 0.1261479 0.0997602 0.1089824 0.1159641 0.1110741 0.1110741 0.1031994 0.1068110 0.0063394 0.0042431 0.0052301 0.0064409 0.0052372 0.0052372 0.0052388 0.0052693 0.0042039 0.0056901 0.0045911 0.0000010 0.0062871 0.0063394 0.0063394 0.0062871 0.1737384 0.1734261 0.1695329 0.1692290 0.1826362 0.1734261 0.1734261 0.1799818 0.1828858 0.1793185 0.1796497 0.1796497 0.1696312 0.2873382 0.3223616 0.3232000 0.3258523 0.3015314 0.2905619 0.2732702 0.2798239 0.2809238 0.3133710 0.3133710 0.3165400 0.3261954 0.3304985 0.3306941 0.3113508 0.3075684 0.2987138 0.2987138 0.3008501 0.3018725 0.3018725 0.3196165 0.2671036 0.2671036 0.2671036 0.2671036 0.2671036 0.2698517 0.2650293 0.3110004 0.2768454 0.2755916 0.2688406 0.2448835 0.2946395 0.2915812 0.2912784 0.2917413 0.2659850 0.2555925 0.2829372 0.2829372 0.2901282 0.2901282 0.2678660 0.2708542 0.2677451 0.2659850 0.2659850 0.2923202 0.2658731 0.2904025 0.3246569 0.3389249 0.2633156 0.2571572 0.2567345 0.2664306 0.2564387 0.2607212 0.3169301 
Lemna_minuta_clone_5572            0.2170657 0.2170657 0.2172183 0.2214981 0.1080929 0.0956742 0.1044336 0.1244419 0.1185825 0.1267621 0.1267621 0.0917248 0.0917248 0.0919378 0.0921303 0.1063934 0.0992258 0.0992258 0.0992258 0.1030141 0.0991699 0.0000010 0.0000000 0.0000010 0.0000010 0.0000010 0.0000010 0.0000010 0.0011272 0.0000010 0.0000010 0.1261479 0.0997602 0.1089824 0.1159641 0.1110741 0.1110741 0.1031994 0.1068110 0.0063394 0.0042431 0.0052301 0.0064409 0.0052372 0.0052372 0.0052388 0.0052693 0.0042039 0.0056901 0.0045911 0.0000010 0.0062871 0.0063394 0.0063394 0.0062871 0.1737384 0.1734261 0.1695329 0.1692290 0.1826362 0.1734261 0.1734261 0.1799818 0.1828858 0.1793185 0.1796497 0.1796497 0.1696312 0.2873382 0.3223616 0.3232000 0.3258523 0.3015314 0.2905619 0.2732702 0.2798239 0.2809238 0.3133710 0.3133710 0.3165400 0.3261954 0.3304985 0.3306941 0.3113508 0.3075684 0.2987138 0.2987138 0.3008501 0.3018725 0.3018725 0.3196165 0.2671036 0.2671036 0.2671036 0.2671036 0.2671036 0.2698517 0.2650293 0.3110004 0.2768454 0.2755916 0.2688406 0.2448835 0.2946395 0.2915812 0.2912784 0.2917413 0.2659850 0.2555925 0.2829372 0.2829372 0.2901282 0.2901282 0.2678660 0.2708542 0.2677451 0.2659850 0.2659850 0.2923202 0.2658731 0.2904025 0.3246569 0.3389249 0.2633156 0.2571572 0.2567345 0.2664306 0.2564387 0.2607212 0.3169301 
Lemna_minuta_clone_6717            0.2174603 0.2174603 0.2176134 0.2219003 0.1080929 0.0956742 0.1044336 0.1244419 0.1185825 0.1267621 0.1267621 0.0907299 0.0907299 0.0909419 0.0911334 0.1063934 0.0992258 0.0992258 0.0992258 0.1030141 0.0991699 0.0000010 0.0000010 0.0000000 0.0000010 0.0000010 0.0000010 0.0000010 0.0011288 0.0000010 0.0000010 0.1261479 0.0997602 0.1080826 0.1159641 0.1110741 0.1110741 0.1031994 0.1068110 0.0063866 0.0042529 0.0052677 0.0064498 0.0052677 0.0052677 0.0052693 0.0052693 0.0042340 0.0056901 0.0045979 0.0000010 0.0063335 0.0063866 0.0063866 0.0063335 0.1737384 0.1734261 0.1695329 0.1692290 0.1826362 0.1734261 0.1734261 0.1803150 0.1832250 0.1796497 0.1799818 0.1799818 0.1696312 0.2878808 0.3229785 0.3238282 0.3264781 0.3020973 0.2922751 0.2732702 0.2798239 0.2809238 0.3139647 0.3139647 0.3171395 0.3268120 0.3311249 0.3313325 0.3119470 0.3081529 0.2992738 0.2992738 0.3014170 0.3024397 0.3024397 0.3202216 0.2684167 0.2684167 0.2684167 0.2684167 0.2684167 0.2712072 0.2663124 0.3115871 0.2778497 0.2765357 0.2696961 0.2448835 0.2953931 0.2923275 0.2920234 0.2924879 0.2666718 0.2555925 0.2829372 0.2829372 0.2901282 0.2901282 0.2678660 0.2708542 0.2677451 0.2666718 0.2666718 0.2923202 0.2665589 0.2904025 0.3262937 0.3408432 0.2640951 0.2571572 0.2567345 0.2672530 0.2571307 0.2614674 0.3221607 
Lemna_minuta_clone_7612            0.2190979 0.2190979 0.2192520 0.2235370 0.1080929 0.0956742 0.1044336 0.1244419 0.1185825 0.1267621 0.1267621 0.0917248 0.0917248 0.0919378 0.0921303 0.1063934 0.0992258 0.0992258 0.0992258 0.1030141 0.0991699 0.0000010 0.0000010 0.0000010 0.0000000 0.0000010 0.0000010 0.0000010 0.0011272 0.0000010 0.0000010 0.1261479 0.0997602 0.1089824 0.1159641 0.1110741 0.1110741 0.1031994 0.1068110 0.0063394 0.0042373 0.0052301 0.0064320 0.0052372 0.0052372 0.0052388 0.0052693 0.0041982 0.0056901 0.0045844 0.0000010 0.0062871 0.0063394 0.0063394 0.0062871 0.1737384 0.1734261 0.1695329 0.1692290 0.1826362 0.1734261 0.1734261 0.1819694 0.1848827 0.1812987 0.1816330 0.1816330 0.1696312 0.2873382 0.3223616 0.3232000 0.3258523 0.3015314 0.2905619 0.2732702 0.2798239 0.2809238 0.3133710 0.3133710 0.3165400 0.3261954 0.3304985 0.3306941 0.3113508 0.3075684 0.2987138 0.2987138 0.3008501 0.3018725 0.3018725 0.3196165 0.2671036 0.2671036 0.2671036 0.2671036 0.2671036 0.2698517 0.2650293 0.3110004 0.2768454 0.2755916 0.2688406 0.2448835 0.2946395 0.2908380 0.2905367 0.2909979 0.2659850 0.2555925 0.2829372 0.2829372 0.2901282 0.2901282 0.2678660 0.2708542 0.2677451 0.2659850 0.2659850 0.2923202 0.2658731 0.2904025 0.3246569 0.3389249 0.2633156 0.2571572 0.2567345 0.2664306 0.2564387 0.2607212 0.3169301 
Lemna_minuta_clone_8699            0.2208854 0.2208854 0.2210435 0.2254060 0.1097063 0.0970523 0.1059777 0.1263142 0.1203722 0.1286866 0.1286866 0.0929008 0.0929008 0.0929008 0.0929008 0.1079429 0.1006296 0.1006296 0.1006296 0.1044860 0.1005718 0.0000010 0.0000010 0.0000010 0.0000010 0.0000000 0.0000010 0.0000010 0.0011363 0.0000010 0.0000010 0.1279700 0.1009720 0.1102036 0.1176489 0.1104625 0.1104625 0.1046790 0.1083537 0.0063879 0.0042756 0.0052687 0.0064909 0.0052759 0.0052759 0.0052775 0.0053096 0.0042348 0.0057368 0.0046290 0.0000010 0.0063337 0.0063879 0.0063879 0.0063337 0.1785315 0.1782015 0.1741957 0.1738746 0.1876873 0.1782015 0.1782015 0.1802854 0.1832349 0.1796109 0.1799476 0.1799476 0.1740014 0.2928497 0.3287288 0.3261549 0.3288218 0.3073182 0.2940484 0.2783942 0.2850780 0.2862157 0.3194749 0.3194749 0.3227125 0.3325686 0.3367158 0.3373062 0.3174761 0.3135639 0.3044338 0.3044338 0.3066463 0.3076736 0.3076736 0.3258551 0.2718540 0.2718540 0.2718540 0.2718540 0.2718540 0.2746633 0.2697406 0.3170271 0.2820209 0.2805153 0.2736283 0.2493675 0.3023683 0.2992247 0.2989060 0.2993873 0.2729227 0.2605096 0.2884232 0.2884232 0.2957698 0.2957698 0.2730210 0.2760742 0.2728982 0.2729227 0.2729227 0.2980447 0.2727998 0.2960887 0.3307131 0.3455679 0.2679682 0.2620753 0.2616348 0.2711600 0.2609629 0.2653238 0.3227875 
Lemna_minuta_clone_9226            0.2190979 0.2190979 0.2192520 0.2235370 0.1080929 0.0956742 0.1044336 0.1244419 0.1185825 0.1267621 0.1267621 0.0917248 0.0917248 0.0919378 0.0921303 0.1063934 0.0992258 0.0992258 0.0992258 0.1030141 0.0991699 0.0000010 0.0000010 0.0000010 0.0000010 0.0000010 0.0000000 0.0000010 0.0011272 0.0000010 0.0000010 0.1261479 0.0997602 0.1089824 0.1159641 0.1110741 0.1110741 0.1031994 0.1068110 0.0063394 0.0042373 0.0052301 0.0064320 0.0052372 0.0052372 0.0052388 0.0052693 0.0041982 0.0056901 0.0045844 0.0000010 0.0062871 0.0063394 0.0063394 0.0062871 0.1737384 0.1734261 0.1695329 0.1692290 0.1826362 0.1734261 0.1734261 0.1819694 0.1848827 0.1812987 0.1816330 0.1816330 0.1696312 0.2873382 0.3223616 0.3232000 0.3258523 0.3015314 0.2905619 0.2732702 0.2798239 0.2809238 0.3133710 0.3133710 0.3165400 0.3261954 0.3304985 0.3306941 0.3113508 0.3075684 0.2987138 0.2987138 0.3008501 0.3018725 0.3018725 0.3196165 0.2671036 0.2671036 0.2671036 0.2671036 0.2671036 0.2698517 0.2650293 0.3110004 0.2768454 0.2755916 0.2688406 0.2448835 0.2946395 0.2908380 0.2905367 0.2909979 0.2659850 0.2555925 0.2829372 0.2829372 0.2901282 0.2901282 0.2678660 0.2708542 0.2677451 0.2659850 0.2659850 0.2923202 0.2658731 0.2904025 0.3246569 0.3389249 0.2633156 0.2571572 0.2567345 0.2664306 0.2564387 0.2607212 0.3169301 
Lemna_minuta_clone_9474            0.2170657 0.2170657 0.2172183 0.2214981 0.1080929 0.0956742 0.1044336 0.1244419 0.1185825 0.1267621 0.1267621 0.0907299 0.0907299 0.0909419 0.0911334 0.1063934 0.0992258 0.0992258 0.0992258 0.1030141 0.0991699 0.0000010 0.0000010 0.0000010 0.0000010 0.0000010 0.0000010 0.0000000 0.0011272 0.0000010 0.0000010 0.1261479 0.0997602 0.1080826 0.1159641 0.1110741 0.1110741 0.1031994 0.1068110 0.0063779 0.0042471 0.0052606 0.0064409 0.0052677 0.0052677 0.0052693 0.0052693 0.0042282 0.0056901 0.0045911 0.0000010 0.0063249 0.0063779 0.0063779 0.0063249 0.1737384 0.1734261 0.1695329 0.1692290 0.1826362 0.1734261 0.1734261 0.1799818 0.1828858 0.1793185 0.1796497 0.1796497 0.1696312 0.2873382 0.3223616 0.3232000 0.3258523 0.3015314 0.2917372 0.2732702 0.2798239 0.2809238 0.3133710 0.3133710 0.3165400 0.3261954 0.3304985 0.3306941 0.3113508 0.3075684 0.2987138 0.2987138 0.3008501 0.3018725 0.3018725 0.3196165 0.2679360 0.2679360 0.2679360 0.2679360 0.2679360 0.2707211 0.2658352 0.3110004 0.2778497 0.2765357 0.2696961 0.2448835 0.2946395 0.2915812 0.2912784 0.2917413 0.2659850 0.2555925 0.2829372 0.2829372 0.2901282 0.2901282 0.2678660 0.2708542 0.2677451 0.2659850 0.2659850 0.2923202 0.2658731 0.2904025 0.3262937 0.3408432 0.2640951 0.2571572 0.2567345 0.2672530 0.2571307 0.2614674 0.3215758 
Lemna_minuta_strain_7284           0.2124231 0.2124231 0.2125666 0.2166739 0.1060235 0.0941487 0.1025239 0.1217352 0.1160880 0.1239455 0.1239455 0.0975372 0.0975372 0.0977762 0.0979922 0.1044358 0.0975899 0.0975899 0.0975899 0.1012185 0.0975372 0.0011272 0.0011272 0.0011288 0.0011272 0.0011363 0.0011272 0.0011272 0.0000000 0.0010786 0.0010772 0.1233118 0.1037474 0.1080219 0.1142982 0.1089176 0.1089176 0.1013910 0.1048531 0.0057185 0.0034283 0.0045258 0.0057794 0.0045324 0.0045324 0.0045339 0.0045339 0.0034120 0.0043317 0.0032743 0.0010775 0.0056674 0.0054617 0.0054617 0.0054150 0.1795989 0.1792931 0.1756028 0.1753047 0.1880356 0.1792931 0.1792931 0.1812964 0.1841024 0.1806525 0.1809740 0.1809740 0.1756992 0.2849258 0.3249731 0.3189047 0.3214981 0.2985961 0.3013379 0.2688315 0.2819350 0.2787529 0.3072228 0.3072228 0.3102609 0.3195257 0.3236314 0.3292425 0.3080537 0.3016445 0.2958878 0.2932309 0.2952522 0.3017195 0.2962486 0.3159609 0.2846788 0.2846788 0.2846788 0.2846788 0.2846788 0.2876276 0.2824803 0.3076879 0.2829137 0.2912978 0.2892380 0.2416090 0.2881919 0.2918510 0.2915619 0.2883448 0.2705699 0.2499562 0.2768824 0.2768824 0.2908779 0.2864742 0.2688213 0.2717061 0.2687047 0.2709301 0.2680425 0.2883608 0.2708177 0.2875549 0.3491058 0.3451373 0.2793121 0.2541884 0.2477335 0.2893855 0.2813938 0.2832050 0.3380826 
