128
Landoltia_punctata_strain_7248_Landoltia_punctata_strain_7248         0.0000000 0.0000010 0.0000010 0.2032303 0.1975439 0.1926285 0.1660003 0.1621159 0.1599581 0.1599581 0.1503464 0.1503464 0.1531858 0.1535613 0.1582718 0.1504393 0.1504393 0.1528574 0.1526196 0.1503464 0.2378844 0.2378844 0.2383063 0.2400220 0.2420335 0.2400220 0.2378844 0.2326741 0.2355295 0.2351271 0.1774806 0.2033779 0.2186298 0.2258462 0.1602191 0.1602191 0.1596973 0.1596973 0.2440401 0.2265714 0.2425782 0.2411662 0.2430083 0.2430083 0.2431814 0.2431814 0.2317028 0.2402160 0.2243842 0.2373469 0.2425405 0.2430675 0.2430675 0.2396050 0.1489604 0.1489604 0.1490102 0.1591834 0.1591834 0.1530799 0.1530799 0.1360086 0.1407175 0.1355377 0.1357728 0.1357728 0.1449830 0.3034955 0.3320652 0.2923891 0.3016535 0.3084464 0.3205504 0.2883708 0.3120982 0.2944458 0.3154183 0.3181847 0.3212968 0.3278705 0.3291361 0.3260238 0.3230803 0.3194637 0.3084190 0.3056949 0.3056949 0.3071033 0.3088093 0.3293561 0.2898585 0.2898585 0.2898585 0.2898585 0.2898585 0.2933272 0.2906352 0.3236630 0.2861114 0.2802764 0.2725551 0.2429122 0.2805790 0.2842646 0.2839891 0.2806128 0.2650040 0.2811644 0.2751607 0.2756841 0.2805138 0.2805138 0.2608778 0.2610641 0.2608513 0.2543477 0.2514072 0.2917154 0.2541376 0.2907493 0.3447709 0.3465638 0.2775033 0.2708079 0.2692581 0.2639435 0.2623061 0.2666654 
Landoltia_punctata_strain_7260_Landoltia_punctata_strain_7260         0.0000010 0.0000000 0.0000010 0.2032303 0.1975439 0.1926285 0.1660003 0.1621159 0.1599581 0.1599581 0.1503464 0.1503464 0.1531858 0.1535613 0.1582718 0.1504393 0.1504393 0.1528574 0.1526196 0.1503464 0.2378844 0.2378844 0.2383063 0.2400220 0.2420335 0.2400220 0.2378844 0.2326741 0.2355295 0.2351271 0.1774806 0.2033779 0.2186298 0.2258462 0.1602191 0.1602191 0.1596973 0.1596973 0.2440401 0.2265714 0.2425782 0.2411662 0.2430083 0.2430083 0.2431814 0.2431814 0.2317028 0.2402160 0.2243842 0.2373469 0.2425405 0.2430675 0.2430675 0.2396050 0.1489604 0.1489604 0.1490102 0.1591834 0.1591834 0.1530799 0.1530799 0.1360086 0.1407175 0.1355377 0.1357728 0.1357728 0.1449830 0.3034955 0.3320652 0.2923891 0.3016535 0.3084464 0.3205504 0.2883708 0.3120982 0.2944458 0.3154183 0.3181847 0.3212968 0.3278705 0.3291361 0.3260238 0.3230803 0.3194637 0.3084190 0.3056949 0.3056949 0.3071033 0.3088093 0.3293561 0.2898585 0.2898585 0.2898585 0.2898585 0.2898585 0.2933272 0.2906352 0.3236630 0.2861114 0.2802764 0.2725551 0.2429122 0.2805790 0.2842646 0.2839891 0.2806128 0.2650040 0.2811644 0.2751607 0.2756841 0.2805138 0.2805138 0.2608778 0.2610641 0.2608513 0.2543477 0.2514072 0.2917154 0.2541376 0.2907493 0.3447709 0.3465638 0.2775033 0.2708079 0.2692581 0.2639435 0.2623061 0.2666654 
Landoltia_punctata_strain_7449_Landoltia_punctata_strain_7449         0.0000010 0.0000010 0.0000000 0.2032303 0.1975439 0.1927581 0.1661061 0.1621159 0.1599581 0.1599581 0.1504393 0.1504393 0.1532810 0.1536570 0.1582718 0.1504393 0.1504393 0.1529522 0.1526196 0.1504393 0.2380532 0.2380532 0.2384756 0.2401924 0.2422081 0.2401924 0.2380532 0.2328328 0.2356907 0.2352878 0.1775955 0.2035370 0.2187830 0.2260112 0.1603201 0.1603201 0.1596973 0.1596973 0.2442143 0.2267319 0.2427508 0.2413376 0.2431814 0.2431814 0.2433548 0.2433548 0.2318661 0.2402160 0.2245373 0.2373469 0.2427130 0.2432342 0.2432342 0.2397693 0.1489604 0.1489604 0.1490102 0.1591834 0.1591834 0.1530799 0.1530799 0.1360086 0.1407175 0.1355377 0.1357728 0.1357728 0.1451278 0.3034955 0.3320652 0.2926039 0.3018732 0.3084464 0.3207909 0.2883708 0.3123281 0.2944458 0.3154183 0.3181847 0.3212968 0.3278705 0.3291361 0.3260238 0.3230803 0.3194637 0.3084190 0.3056949 0.3056949 0.3071033 0.3088093 0.3293561 0.2900708 0.2900708 0.2900708 0.2900708 0.2900708 0.2935424 0.2908485 0.3236630 0.2863266 0.2804788 0.2727509 0.2429122 0.2805790 0.2842646 0.2842646 0.2806128 0.2650040 0.2811644 0.2751607 0.2756841 0.2805138 0.2805138 0.2608778 0.2610641 0.2608513 0.2543477 0.2514072 0.2917154 0.2543844 0.2907493 0.3450359 0.3468305 0.2777035 0.2708079 0.2692581 0.2641319 0.2624931 0.2668557 
Lemna_aequinoctialis_strain_6612_Lemna_aequinoctialis_strain_6612     0.2032303 0.2032303 0.2032303 0.0000000 0.0307506 0.0234535 0.1415894 0.1416652 0.1395838 0.1395838 0.1253557 0.1253557 0.1256839 0.1259754 0.1304874 0.1253557 0.1253557 0.1254292 0.1254292 0.1253557 0.1206484 0.1206484 0.1206484 0.1206484 0.1225324 0.1206484 0.1206484 0.1180789 0.1201349 0.1201349 0.1542452 0.0331508 0.0510097 0.0545968 0.1418172 0.1418172 0.1360759 0.1360759 0.1177065 0.1211485 0.1244152 0.1261381 0.1244152 0.1244152 0.1244948 0.1244948 0.1232514 0.1237529 0.1206880 0.1201349 0.1243730 0.1193706 0.1193706 0.1237123 0.2132704 0.2132704 0.2132704 0.2246035 0.2246035 0.2132704 0.2132704 0.1977004 0.2006679 0.1970132 0.1973563 0.1973563 0.2136054 0.3340765 0.3405344 0.3230498 0.3306140 0.3397979 0.3439706 0.3022061 0.3272474 0.3057207 0.3429905 0.3399417 0.3431971 0.3497657 0.3537156 0.3481863 0.3363500 0.3243268 0.3400342 0.3371315 0.3371315 0.3387351 0.3404862 0.3622100 0.3108455 0.3108455 0.3108455 0.3108455 0.3108455 0.3104962 0.3087818 0.3561369 0.3168423 0.3131647 0.3137464 0.2718903 0.2924148 0.2962864 0.2962864 0.2924482 0.3003343 0.2833499 0.3067480 0.3073474 0.3124945 0.3124945 0.2978179 0.3010199 0.2977937 0.3001877 0.2970943 0.3225993 0.2971268 0.3217033 0.3971836 0.3947914 0.3094467 0.2910253 0.2807766 0.3197132 0.3112600 0.3159289 
Lemna_aequinoctialis_strain_6746_Lemna_aequinoctialis_strain_6746     0.1975439 0.1975439 0.1975439 0.0307506 0.0000000 0.0090848 0.1100594 0.1135410 0.1117564 0.1117564 0.1008354 0.1008354 0.1010311 0.1012551 0.1061780 0.1008354 0.1008354 0.1008354 0.1027647 0.1008354 0.0972185 0.0972185 0.0972185 0.0972185 0.0986358 0.0972185 0.0972185 0.0956804 0.0976083 0.0976083 0.1264768 0.0100865 0.0389357 0.0409192 0.1134005 0.1134005 0.1139450 0.1139450 0.0900356 0.0933199 0.0985947 0.1001389 0.0985947 0.0985947 0.0986534 0.0986534 0.0974292 0.0989327 0.0939119 0.0976083 0.0985496 0.0949091 0.0949091 0.0988894 0.1811926 0.1811926 0.1811926 0.1889535 0.1889535 0.1811926 0.1811926 0.1700254 0.1731236 0.1697271 0.1697271 0.1697271 0.1814727 0.3149492 0.3117628 0.3098504 0.3240411 0.3157984 0.3192454 0.2791824 0.3067911 0.2848148 0.3114873 0.3084984 0.3116701 0.3180717 0.3190298 0.3223432 0.3053033 0.3055209 0.3157721 0.3129611 0.3129611 0.3144381 0.3161833 0.3374197 0.2929108 0.2929108 0.2929108 0.2929108 0.2929108 0.2925853 0.2923955 0.3315378 0.2936833 0.2969311 0.2974714 0.2562067 0.2704836 0.2742545 0.2742545 0.2705197 0.2785776 0.2709890 0.2845881 0.2851450 0.2901693 0.2901693 0.2758648 0.2790047 0.2758385 0.2789567 0.2759031 0.2992706 0.2759385 0.2983011 0.3722170 0.3699393 0.2872309 0.2777539 0.2658584 0.3004740 0.2921594 0.2967727 
Lemna_aequinoctialis_strain_7126_Lemna_aequinoctialis_strain_7126     0.1926285 0.1926285 0.1927581 0.0234535 0.0090848 0.0000000 0.1152549 0.1186282 0.1168292 0.1168292 0.1058015 0.1058015 0.1060705 0.1063094 0.1113312 0.1058617 0.1058617 0.1058617 0.1078231 0.1058015 0.1022788 0.1022788 0.1022788 0.1022788 0.1037919 0.1022788 0.1022788 0.1005226 0.1024761 0.1024761 0.1317099 0.0036290 0.0461123 0.0485141 0.1183969 0.1183969 0.1189962 0.1189962 0.0973685 0.0983340 0.1036833 0.1052653 0.1036833 0.1036833 0.1037459 0.1037459 0.1025683 0.1038875 0.0987393 0.1025353 0.1036387 0.0997355 0.0997355 0.1037843 0.2019148 0.2019148 0.2019148 0.2099081 0.2099081 0.2019148 0.2019148 0.1808528 0.1840217 0.1805381 0.1805381 0.1805381 0.2020157 0.3167839 0.3172764 0.3151386 0.3292703 0.3150209 0.3181905 0.2845670 0.3120594 0.2902137 0.3169276 0.3139433 0.3171134 0.3235118 0.3244849 0.3279313 0.3107725 0.3078756 0.3152279 0.3124268 0.3124268 0.3138969 0.3156369 0.3365415 0.3009133 0.3009133 0.3009133 0.3009133 0.3009133 0.3005784 0.3003846 0.3306862 0.2997061 0.3027639 0.3033172 0.2618955 0.2788421 0.2826392 0.2823565 0.2788771 0.2871502 0.2706977 0.2906086 0.2911748 0.2962135 0.2962135 0.2818623 0.2850071 0.2818366 0.2873210 0.2842589 0.3055500 0.2840098 0.3046034 0.3783840 0.3760858 0.2930386 0.2772274 0.2653901 0.3063089 0.2979881 0.3025984 
Lemna_disperma_strain_7269_Lemna_disperma_strain_7269                 0.1660003 0.1660003 0.1661061 0.1415894 0.1100594 0.1152549 0.0000000 0.0168531 0.0168773 0.0168773 0.0375439 0.0375439 0.0376085 0.0376659 0.0422565 0.0375583 0.0375583 0.0375583 0.0389426 0.0375439 0.1153694 0.1153694 0.1153694 0.1153694 0.1170926 0.1153694 0.1153694 0.1131010 0.1150711 0.1150711 0.0624495 0.1301749 0.1471719 0.1502477 0.0544498 0.0544498 0.0517510 0.0517510 0.1152952 0.1139167 0.1168145 0.1184425 0.1168145 0.1168145 0.1168145 0.1168145 0.1157028 0.1165293 0.1136723 0.1151383 0.1167726 0.1169944 0.1169944 0.1164206 0.1922764 0.1922764 0.1879600 0.1957627 0.1957627 0.1922764 0.1922764 0.1660434 0.1713571 0.1657604 0.1657604 0.1657604 0.1880532 0.2976562 0.3149667 0.3017121 0.3003952 0.3042053 0.3099019 0.2745982 0.2923131 0.2806955 0.3176695 0.3147201 0.3178537 0.3241777 0.3286602 0.3214933 0.3022132 0.3068162 0.3043980 0.3016747 0.3016747 0.3030700 0.3047837 0.3250770 0.2823965 0.2823965 0.2823965 0.2823965 0.2823965 0.2854911 0.2746266 0.3193898 0.2818293 0.2851383 0.2830768 0.2441729 0.2554151 0.2590742 0.2588192 0.2554521 0.2635988 0.2575943 0.2709487 0.2714663 0.2762919 0.2762919 0.2599006 0.2629142 0.2598739 0.2606961 0.2577159 0.2843873 0.2604768 0.2834006 0.3506192 0.3457085 0.2732924 0.2583161 0.2542867 0.2832363 0.2750627 0.2797049 
Lemna_gibba_strain_7589_Lemna_gibba_strain_7589                       0.1621159 0.1621159 0.1621159 0.1416652 0.1135410 0.1186282 0.0168531 0.0000000 0.0000010 0.0000010 0.0332183 0.0332183 0.0332734 0.0333224 0.0377301 0.0332183 0.0332183 0.0332307 0.0345604 0.0332183 0.1232094 0.1232094 0.1232094 0.1232094 0.1250738 0.1232094 0.1232094 0.1206209 0.1226168 0.1226168 0.0606256 0.1341105 0.1473509 0.1526774 0.0481084 0.0481084 0.0453485 0.0453485 0.1231692 0.1217635 0.1246921 0.1213712 0.1246921 0.1246921 0.1247691 0.1247691 0.1186238 0.1240421 0.1212954 0.1226168 0.1246515 0.1245815 0.1245815 0.1240029 0.1956039 0.1956039 0.1912914 0.1991036 0.1991036 0.1956039 0.1956039 0.1578523 0.1630239 0.1575844 0.1575844 0.1575844 0.1915859 0.2909241 0.3085066 0.2967985 0.2955612 0.2974116 0.3031150 0.2695590 0.2872533 0.2755926 0.3112798 0.3083439 0.3114592 0.3177469 0.3221793 0.3175939 0.3047181 0.2999142 0.2975974 0.2948987 0.2948987 0.2962597 0.2979720 0.3180668 0.2749245 0.2749245 0.2749245 0.2749245 0.2749245 0.2779867 0.2672614 0.3124329 0.2693291 0.2700408 0.2679927 0.2341807 0.2384238 0.2419735 0.2419735 0.2384614 0.2460016 0.2513976 0.2588445 0.2593381 0.2640844 0.2640844 0.2507225 0.2537060 0.2506954 0.2436282 0.2407105 0.2716365 0.2436655 0.2706187 0.3404407 0.3323709 0.2613450 0.2520477 0.2481638 0.2739827 0.2660818 0.2704939 
Lemna_gibba_strain_7741_Lemna_gibba_strain_7741                       0.1599581 0.1599581 0.1599581 0.1395838 0.1117564 0.1168292 0.0168773 0.0000010 0.0000000 0.0000010 0.0318895 0.0318895 0.0319419 0.0319884 0.0363529 0.0318895 0.0318895 0.0319012 0.0332211 0.0318895 0.1211354 0.1211354 0.1211354 0.1211354 0.1229614 0.1211354 0.1211354 0.1186327 0.1206209 0.1206209 0.0590315 0.1319996 0.1452053 0.1504401 0.0466409 0.0466409 0.0439677 0.0439677 0.1210862 0.1196886 0.1226074 0.1193004 0.1226074 0.1226074 0.1226829 0.1226829 0.1165667 0.1220362 0.1192973 0.1206209 0.1225665 0.1225740 0.1225740 0.1219967 0.1924853 0.1924853 0.1881831 0.1990512 0.1990512 0.1924853 0.1924853 0.1559871 0.1608665 0.1554573 0.1557219 0.1557219 0.1884725 0.2914331 0.3057166 0.2967985 0.2933702 0.2947157 0.3003252 0.2695590 0.2872533 0.2751134 0.3085186 0.3055901 0.3086958 0.3149644 0.3193728 0.3181737 0.3019561 0.2971733 0.2948987 0.2922120 0.2922120 0.2935584 0.2952685 0.3152668 0.2722652 0.2722652 0.2722652 0.2722652 0.2722652 0.2753184 0.2672614 0.3096593 0.2693291 0.2700408 0.2679927 0.2321195 0.2384238 0.2419735 0.2419735 0.2384614 0.2460016 0.2518452 0.2588445 0.2593381 0.2640844 0.2640844 0.2507225 0.2537060 0.2506954 0.2436282 0.2407105 0.2716365 0.2436655 0.2706187 0.3404407 0.3323709 0.2613450 0.2525014 0.2486024 0.2739827 0.2660818 0.2704939 
Lemna_gibba_strain_7784_Lemna_gibba_strain_7784                       0.1599581 0.1599581 0.1599581 0.1395838 0.1117564 0.1168292 0.0168773 0.0000010 0.0000010 0.0000000 0.0318895 0.0318895 0.0319419 0.0319884 0.0363529 0.0318895 0.0318895 0.0319012 0.0332211 0.0318895 0.1211354 0.1211354 0.1211354 0.1211354 0.1229614 0.1211354 0.1211354 0.1186327 0.1206209 0.1206209 0.0590315 0.1319996 0.1452053 0.1504401 0.0466409 0.0466409 0.0439677 0.0439677 0.1210862 0.1196886 0.1226074 0.1193004 0.1226074 0.1226074 0.1226829 0.1226829 0.1165667 0.1220362 0.1192973 0.1206209 0.1225665 0.1225740 0.1225740 0.1219967 0.1924853 0.1924853 0.1881831 0.1990512 0.1990512 0.1924853 0.1924853 0.1559871 0.1608665 0.1554573 0.1557219 0.1557219 0.1884725 0.2914331 0.3057166 0.2967985 0.2933702 0.2947157 0.3003252 0.2695590 0.2872533 0.2751134 0.3085186 0.3055901 0.3086958 0.3149644 0.3193728 0.3181737 0.3019561 0.2971733 0.2948987 0.2922120 0.2922120 0.2935584 0.2952685 0.3152668 0.2722652 0.2722652 0.2722652 0.2722652 0.2722652 0.2753184 0.2672614 0.3096593 0.2693291 0.2700408 0.2679927 0.2321195 0.2384238 0.2419735 0.2419735 0.2384614 0.2460016 0.2518452 0.2588445 0.2593381 0.2640844 0.2640844 0.2507225 0.2537060 0.2506954 0.2436282 0.2407105 0.2716365 0.2436655 0.2706187 0.3404407 0.3323709 0.2613450 0.2525014 0.2486024 0.2739827 0.2660818 0.2704939 
Lemna_japonica_strain_0189_Lemna_japonica_strain_0189                 0.1503464 0.1503464 0.1504393 0.1253557 0.1008354 0.1058015 0.0375439 0.0332183 0.0318895 0.0318895 0.0000000 0.0000010 0.0000010 0.0000010 0.0031492 0.0000010 0.0000010 0.0000010 0.0010282 0.0000010 0.1014852 0.1014852 0.1003772 0.1014852 0.1028311 0.1014852 0.1003772 0.1079194 0.1098494 0.1098494 0.0373950 0.1106875 0.1232989 0.1297103 0.0282440 0.0282440 0.0258959 0.0258959 0.1013648 0.0988665 0.1027447 0.0987093 0.1027447 0.1027447 0.1028003 0.1016987 0.0973975 0.1112633 0.1085238 0.1099122 0.1027045 0.0992395 0.0995542 0.0993369 0.1857524 0.1857524 0.1815402 0.1921537 0.1921537 0.1857524 0.1857524 0.1436242 0.1483337 0.1431373 0.1433804 0.1433804 0.1816283 0.2777669 0.2967104 0.2855345 0.2868665 0.2803510 0.2815309 0.2546234 0.2839045 0.2574309 0.2995779 0.2966993 0.2997467 0.3058977 0.3101890 0.3057755 0.3017218 0.2825496 0.2803202 0.2777255 0.2777255 0.2789800 0.2806611 0.3001436 0.2298511 0.2298511 0.2298511 0.2298511 0.2298511 0.2320719 0.2259723 0.2947351 0.2578656 0.2364063 0.2408063 0.2129788 0.2368826 0.2404043 0.2401727 0.2369200 0.2443659 0.2490025 0.2440893 0.2445506 0.2491676 0.2491676 0.2335320 0.2364316 0.2335048 0.2420535 0.2391563 0.2560083 0.2418582 0.2549634 0.3150861 0.3137786 0.2280265 0.2498001 0.2387026 0.2359474 0.2263124 0.2349435 
Lemna_japonica_strain_0216_Lemna_japonica_strain_0216                 0.1503464 0.1503464 0.1504393 0.1253557 0.1008354 0.1058015 0.0375439 0.0332183 0.0318895 0.0318895 0.0000010 0.0000000 0.0000010 0.0000010 0.0031492 0.0000010 0.0000010 0.0000010 0.0010282 0.0000010 0.1014852 0.1014852 0.1003772 0.1014852 0.1028311 0.1014852 0.1003772 0.1079194 0.1098494 0.1098494 0.0373950 0.1106875 0.1232989 0.1297103 0.0282440 0.0282440 0.0258959 0.0258959 0.1013648 0.0988665 0.1027447 0.0987093 0.1027447 0.1027447 0.1028003 0.1016987 0.0973975 0.1112633 0.1085238 0.1099122 0.1027045 0.0992395 0.0995542 0.0993369 0.1857524 0.1857524 0.1815402 0.1921537 0.1921537 0.1857524 0.1857524 0.1436242 0.1483337 0.1431373 0.1433804 0.1433804 0.1816283 0.2777669 0.2967104 0.2855345 0.2868665 0.2803510 0.2815309 0.2546234 0.2839045 0.2574309 0.2995779 0.2966993 0.2997467 0.3058977 0.3101890 0.3057755 0.3017218 0.2825496 0.2803202 0.2777255 0.2777255 0.2789800 0.2806611 0.3001436 0.2306286 0.2306286 0.2306286 0.2306286 0.2306286 0.2328512 0.2267701 0.2947351 0.2578656 0.2361960 0.2408063 0.2129788 0.2368826 0.2404043 0.2401727 0.2369200 0.2443659 0.2490025 0.2440893 0.2445506 0.2491676 0.2491676 0.2335320 0.2364316 0.2335048 0.2420535 0.2391563 0.2560083 0.2418582 0.2549634 0.3150861 0.3163107 0.2280265 0.2498001 0.2387026 0.2359474 0.2261111 0.2349435 
Lemna_japonica_strain_8695_Lemna_japonica_strain_8695                 0.1531858 0.1531858 0.1532810 0.1256839 0.1010311 0.1060705 0.0376085 0.0332734 0.0319419 0.0319419 0.0000010 0.0000010 0.0000000 0.0000010 0.0031532 0.0000010 0.0000010 0.0000010 0.0010295 0.0000010 0.1017299 0.1017299 0.1006207 0.1017299 0.1028311 0.1017299 0.1006207 0.1081940 0.1101301 0.1101301 0.0374613 0.1106875 0.1232989 0.1300490 0.0282895 0.0282895 0.0259371 0.0259371 0.1016101 0.0991060 0.1029936 0.0989483 0.1029936 0.1029936 0.1030495 0.1019468 0.0976298 0.1115492 0.1088014 0.1101933 0.1029533 0.1003032 0.1006308 0.0997120 0.1866056 0.1866056 0.1823717 0.1930431 0.1930431 0.1866056 0.1866056 0.1440161 0.1487420 0.1435267 0.1437710 0.1437710 0.1824606 0.2786428 0.2976749 0.2864607 0.2877839 0.2812346 0.2815309 0.2554132 0.2848178 0.2582319 0.3005397 0.2976516 0.3007096 0.3068820 0.3111919 0.3067920 0.3027040 0.2834528 0.2812038 0.2785990 0.2785990 0.2798613 0.2815470 0.3011087 0.2296238 0.2296238 0.2296238 0.2296238 0.2296238 0.2322472 0.2255549 0.2956782 0.2516662 0.2307896 0.2277306 0.2136145 0.2379009 0.2414409 0.2412073 0.2379385 0.2454461 0.2497938 0.2448549 0.2453189 0.2499524 0.2499524 0.2342593 0.2371688 0.2342320 0.2430937 0.2401831 0.2568454 0.2428965 0.2557996 0.3061565 0.3074682 0.2212612 0.2506033 0.2394501 0.2272402 0.2197463 0.2243261 
Lemna_japonica_strain_9017_Lemna_japonica_strain_9017                 0.1535613 0.1535613 0.1536570 0.1259754 0.1012551 0.1063094 0.0376659 0.0333224 0.0319884 0.0319884 0.0000010 0.0000010 0.0000010 0.0000000 0.0031567 0.0000010 0.0000010 0.0000010 0.0010306 0.0000010 0.1019472 0.1019472 0.1008371 0.1019472 0.1028311 0.1019472 0.1008371 0.1084379 0.1103794 0.1103794 0.0375202 0.1109540 0.1236353 0.1303499 0.0269439 0.0269439 0.0259737 0.0259737 0.1018279 0.0993188 0.1032147 0.0991607 0.1032147 0.1032147 0.1032709 0.1021673 0.0978362 0.1118032 0.1090480 0.1104429 0.1031743 0.1006826 0.1010128 0.1000377 0.1873652 0.1873652 0.1831121 0.1938349 0.1938349 0.1873652 0.1873652 0.1443641 0.1491046 0.1438725 0.1441179 0.1441179 0.1832017 0.2794194 0.2985300 0.2872818 0.2885972 0.2820180 0.2822180 0.2561136 0.2856276 0.2589422 0.3013923 0.2984959 0.3015632 0.3077544 0.3120809 0.3076932 0.3035747 0.2842536 0.2819872 0.2793735 0.2793735 0.2806426 0.2823324 0.3019641 0.2291045 0.2291045 0.2291045 0.2291045 0.2291045 0.2317235 0.2250433 0.2965144 0.2529929 0.2318703 0.2306793 0.2141784 0.2388062 0.2423625 0.2421271 0.2388439 0.2464064 0.2504957 0.2455340 0.2460003 0.2506485 0.2506485 0.2349044 0.2378227 0.2348770 0.2440183 0.2410959 0.2575880 0.2438195 0.2565413 0.3077285 0.3091194 0.2222903 0.2513159 0.2401132 0.2283013 0.2207723 0.2253706 
Lemna_minor_strain_7018_Lemna_minor_strain_7018                       0.1582718 0.1582718 0.1582718 0.1304874 0.1061780 0.1113312 0.0422565 0.0377301 0.0363529 0.0363529 0.0031492 0.0031492 0.0031532 0.0031567 0.0000000 0.0031492 0.0031492 0.0031501 0.0042192 0.0031492 0.1157421 0.1157421 0.1157421 0.1157421 0.1174756 0.1157421 0.1157421 0.1134539 0.1154292 0.1154292 0.0349452 0.1252270 0.1394907 0.1459828 0.0312255 0.0312255 0.0302012 0.0302012 0.1156693 0.1143342 0.1171919 0.1139085 0.1171919 0.1171919 0.1172636 0.1172636 0.1111340 0.1168235 0.1141404 0.1154292 0.1171500 0.1173583 0.1173583 0.1167831 0.1857524 0.1857524 0.1815402 0.1921537 0.1921537 0.1857524 0.1857524 0.1512839 0.1561112 0.1507691 0.1510261 0.1510261 0.1818144 0.2874986 0.3082579 0.2912270 0.2874052 0.2901262 0.2955770 0.2625143 0.2927495 0.2653874 0.3110279 0.3080989 0.3112067 0.3174790 0.3218991 0.3177437 0.3133689 0.2936683 0.2900959 0.2874315 0.2874315 0.2887514 0.2904572 0.3045299 0.2722008 0.2722008 0.2722008 0.2722008 0.2722008 0.2752523 0.2674029 0.2990316 0.2605301 0.2615149 0.2594693 0.2200077 0.2368826 0.2404043 0.2404043 0.2369200 0.2443659 0.2499607 0.2504267 0.2509055 0.2556141 0.2556141 0.2396578 0.2426104 0.2396303 0.2420535 0.2391563 0.2570666 0.2420906 0.2560140 0.3303255 0.3291551 0.2529071 0.2563929 0.2449448 0.2626135 0.2547987 0.2591755 
Lemna_minor_strain_7136_Lemna_minor_strain_7136                       0.1504393 0.1504393 0.1504393 0.1253557 0.1008354 0.1058617 0.0375583 0.0332183 0.0318895 0.0318895 0.0000010 0.0000010 0.0000010 0.0000010 0.0031492 0.0000000 0.0000010 0.0000010 0.0010282 0.0000010 0.1100079 0.1100079 0.1100079 0.1100079 0.1116168 0.1100079 0.1100079 0.1079808 0.1099122 0.1099122 0.0374099 0.1186328 0.1327241 0.1373291 0.0282542 0.0282542 0.0258959 0.0258959 0.1099119 0.1085659 0.1114116 0.1082050 0.1114116 0.1114116 0.1114781 0.1114781 0.1055073 0.1112633 0.1085859 0.1099122 0.1113693 0.1117856 0.1117856 0.1112225 0.1857524 0.1857524 0.1815402 0.1921537 0.1921537 0.1857524 0.1857524 0.1436242 0.1483337 0.1431373 0.1433804 0.1433804 0.1818144 0.2777669 0.2967104 0.2857421 0.2870722 0.2803510 0.2854131 0.2546234 0.2841092 0.2574309 0.2995779 0.2966993 0.2997467 0.3058977 0.3101890 0.3057755 0.3017218 0.2825496 0.2803202 0.2777255 0.2777255 0.2789800 0.2806611 0.3001436 0.2614715 0.2614715 0.2614715 0.2614715 0.2614715 0.2644646 0.2567782 0.2947351 0.2537675 0.2578242 0.2558024 0.2129788 0.2368826 0.2404043 0.2404043 0.2369200 0.2443659 0.2490025 0.2440893 0.2445506 0.2491676 0.2491676 0.2335320 0.2364316 0.2335048 0.2420535 0.2391563 0.2560083 0.2420906 0.2549634 0.3256533 0.3209917 0.2465208 0.2498001 0.2387026 0.2560323 0.2483645 0.2526666 
Lemna_minor_strain_7210_Lemna_minor_strain_7210                       0.1504393 0.1504393 0.1504393 0.1253557 0.1008354 0.1058617 0.0375583 0.0332183 0.0318895 0.0318895 0.0000010 0.0000010 0.0000010 0.0000010 0.0031492 0.0000010 0.0000000 0.0000010 0.0010282 0.0000010 0.1100079 0.1100079 0.1100079 0.1100079 0.1116168 0.1100079 0.1100079 0.1079808 0.1099122 0.1099122 0.0374099 0.1186328 0.1327241 0.1373291 0.0282542 0.0282542 0.0258959 0.0258959 0.1099119 0.1085659 0.1114116 0.1082050 0.1114116 0.1114116 0.1114781 0.1114781 0.1055073 0.1112633 0.1085859 0.1099122 0.1113693 0.1117856 0.1117856 0.1112225 0.1857524 0.1857524 0.1815402 0.1921537 0.1921537 0.1857524 0.1857524 0.1436242 0.1483337 0.1431373 0.1433804 0.1433804 0.1818144 0.2777669 0.2967104 0.2857421 0.2870722 0.2803510 0.2854131 0.2546234 0.2841092 0.2574309 0.2995779 0.2966993 0.2997467 0.3058977 0.3101890 0.3057755 0.3017218 0.2825496 0.2803202 0.2777255 0.2777255 0.2789800 0.2806611 0.3001436 0.2614715 0.2614715 0.2614715 0.2614715 0.2614715 0.2644646 0.2567782 0.2947351 0.2537675 0.2578242 0.2558024 0.2129788 0.2368826 0.2404043 0.2404043 0.2369200 0.2443659 0.2490025 0.2440893 0.2445506 0.2491676 0.2491676 0.2335320 0.2364316 0.2335048 0.2420535 0.2391563 0.2560083 0.2420906 0.2549634 0.3256533 0.3209917 0.2465208 0.2498001 0.2387026 0.2560323 0.2483645 0.2526666 
Lemna_minor_strain_9016_Lemna_minor_strain_9016                       0.1528574 0.1528574 0.1529522 0.1254292 0.1008354 0.1058617 0.0375583 0.0332307 0.0319012 0.0319012 0.0000010 0.0000010 0.0000010 0.0000010 0.0031501 0.0000010 0.0000010 0.0000000 0.0010282 0.0000010 0.1100079 0.1100079 0.1100079 0.1100079 0.1116168 0.1100079 0.1100079 0.1079808 0.1099122 0.1099122 0.0374099 0.1186328 0.1327241 0.1373291 0.0282542 0.0282542 0.0259051 0.0259051 0.1099119 0.1085659 0.1114116 0.1082050 0.1114116 0.1114116 0.1114781 0.1114781 0.1055073 0.1113273 0.1085859 0.1099751 0.1113693 0.1117856 0.1117856 0.1112225 0.1859432 0.1859432 0.1817261 0.1923526 0.1923526 0.1859432 0.1859432 0.1437119 0.1484251 0.1432244 0.1434678 0.1434678 0.1818144 0.2779633 0.2969266 0.2857421 0.2870722 0.2805490 0.2854131 0.2548004 0.2841092 0.2576104 0.2997935 0.2969128 0.2999626 0.3061184 0.3104139 0.3060034 0.3019420 0.2827520 0.2805183 0.2779213 0.2779213 0.2791776 0.2808596 0.3003599 0.2614715 0.2614715 0.2614715 0.2614715 0.2614715 0.2644646 0.2567782 0.2949465 0.2537675 0.2578242 0.2558024 0.2131212 0.2371105 0.2406363 0.2404043 0.2371480 0.2446077 0.2491798 0.2442609 0.2447228 0.2493434 0.2493434 0.2336950 0.2365968 0.2336677 0.2422863 0.2393862 0.2561958 0.2420906 0.2551507 0.3256533 0.3209917 0.2465208 0.2499800 0.2388701 0.2560323 0.2483645 0.2526666 
Lemna_minor_strain_9253_Lemna_minor_strain_9253                       0.1526196 0.1526196 0.1526196 0.1254292 0.1027647 0.1078231 0.0389426 0.0345604 0.0332211 0.0332211 0.0010282 0.0010282 0.0010295 0.0010306 0.0042192 0.0010282 0.0010282 0.0010282 0.0000000 0.0010282 0.1120575 0.1120575 0.1120575 0.1120575 0.1137045 0.1120575 0.1120575 0.1099449 0.1118853 0.1118853 0.0359974 0.1209539 0.1348347 0.1395313 0.0295680 0.0295680 0.0271986 0.0271986 0.1119700 0.1106160 0.1134724 0.1102501 0.1134724 0.1134724 0.1135405 0.1135405 0.1075346 0.1132470 0.1105607 0.1118853 0.1134304 0.1137722 0.1137722 0.1132065 0.1894976 0.1894976 0.1852585 0.1959542 0.1959542 0.1894976 0.1894976 0.1457649 0.1505010 0.1452709 0.1455175 0.1455175 0.1855396 0.2806223 0.2997161 0.2887072 0.2899998 0.2832132 0.2883757 0.2573591 0.2870449 0.2601839 0.3025556 0.2996670 0.3027267 0.3089022 0.3132219 0.3088793 0.3047479 0.2854596 0.2831826 0.2805735 0.2805735 0.2818442 0.2835285 0.3031277 0.2643029 0.2643029 0.2643029 0.2643029 0.2643029 0.2673081 0.2595871 0.2976876 0.2566444 0.2606281 0.2586011 0.2154875 0.2405969 0.2441453 0.2441453 0.2406343 0.2482183 0.2517873 0.2468222 0.2472893 0.2519283 0.2519283 0.2362124 0.2391243 0.2361851 0.2457889 0.2428758 0.2588968 0.2458260 0.2578570 0.3288745 0.3241810 0.2492657 0.2526204 0.2414142 0.2588249 0.2511231 0.2554410 
Lemna_minor_strain_9417_Lemna_minor_strain_9417                       0.1503464 0.1503464 0.1504393 0.1253557 0.1008354 0.1058015 0.0375439 0.0332183 0.0318895 0.0318895 0.0000010 0.0000010 0.0000010 0.0000010 0.0031492 0.0000010 0.0000010 0.0000010 0.0010282 0.0000000 0.1099426 0.1099426 0.1099426 0.1099426 0.1115494 0.1099426 0.1099426 0.1079194 0.1098494 0.1098494 0.0373950 0.1185533 0.1326437 0.1372426 0.0282440 0.0282440 0.0258959 0.0258959 0.1098465 0.1085015 0.1113451 0.1081409 0.1113451 0.1113451 0.1114116 0.1114116 0.1054453 0.1112633 0.1085238 0.1099122 0.1113028 0.1117214 0.1117214 0.1111587 0.1857524 0.1857524 0.1815402 0.1921537 0.1921537 0.1857524 0.1857524 0.1436242 0.1483337 0.1431373 0.1433804 0.1433804 0.1816283 0.2777669 0.2967104 0.2855345 0.2868665 0.2803510 0.2852059 0.2546234 0.2839045 0.2574309 0.2995779 0.2966993 0.2997467 0.3058977 0.3101890 0.3057755 0.3017218 0.2825496 0.2803202 0.2777255 0.2777255 0.2789800 0.2806611 0.3001436 0.2612852 0.2612852 0.2612852 0.2612852 0.2612852 0.2642760 0.2565957 0.2947351 0.2535821 0.2576414 0.2556210 0.2129788 0.2368826 0.2404043 0.2401727 0.2369200 0.2443659 0.2490025 0.2440893 0.2445506 0.2491676 0.2491676 0.2335320 0.2364316 0.2335048 0.2420535 0.2391563 0.2560083 0.2418582 0.2549634 0.3254069 0.3207501 0.2463475 0.2498001 0.2387026 0.2558512 0.2481895 0.2524884 
Lemna_minuta_clone_5571_Lemna_minuta_clone_5571                       0.2378844 0.2378844 0.2380532 0.1206484 0.0972185 0.1022788 0.1153694 0.1232094 0.1211354 0.1211354 0.1014852 0.1014852 0.1017299 0.1019472 0.1157421 0.1100079 0.1100079 0.1100079 0.1120575 0.1099426 0.0000000 0.0000010 0.0000010 0.0000010 0.0000010 0.0000010 0.0000010 0.0011363 0.0000010 0.0000010 0.1314091 0.0990190 0.1163102 0.1230547 0.1187586 0.1187586 0.1120805 0.1120805 0.0064185 0.0042822 0.0052693 0.0065164 0.0052765 0.0052765 0.0052780 0.0053074 0.0042419 0.0057411 0.0046429 0.0000010 0.0063345 0.0064064 0.0064064 0.0063345 0.2079046 0.2079046 0.2032908 0.2150191 0.2150191 0.2079046 0.2079046 0.1960228 0.1990984 0.1953141 0.1956679 0.1956679 0.2033977 0.3037743 0.3238936 0.3277501 0.3503241 0.3098616 0.3081862 0.2785705 0.2926920 0.2792812 0.3187073 0.3253286 0.3286505 0.3319561 0.3367293 0.3358807 0.3163669 0.3124362 0.3069255 0.3069255 0.3069255 0.3102226 0.3102226 0.3287418 0.2801975 0.2801975 0.2801975 0.2801975 0.2801975 0.2803004 0.2797321 0.3197024 0.2965680 0.2859227 0.2789401 0.2634360 0.2932930 0.2932930 0.2929899 0.2933271 0.2711506 0.2872830 0.2934110 0.2940018 0.2963370 0.2963370 0.2774014 0.2806425 0.2773744 0.2711506 0.2711506 0.3030957 0.2632797 0.3010025 0.3451827 0.3461129 0.2733127 0.2851576 0.2817665 0.2790960 0.2687022 0.2730356 
Lemna_minuta_clone_5572_Lemna_minuta_clone_5572                       0.2378844 0.2378844 0.2380532 0.1206484 0.0972185 0.1022788 0.1153694 0.1232094 0.1211354 0.1211354 0.1014852 0.1014852 0.1017299 0.1019472 0.1157421 0.1100079 0.1100079 0.1100079 0.1120575 0.1099426 0.0000010 0.0000000 0.0000010 0.0000010 0.0000010 0.0000010 0.0000010 0.0011363 0.0000010 0.0000010 0.1314091 0.0990190 0.1163102 0.1230547 0.1187586 0.1187586 0.1120805 0.1120805 0.0064185 0.0042822 0.0052693 0.0065164 0.0052765 0.0052765 0.0052780 0.0053074 0.0042419 0.0057411 0.0046429 0.0000010 0.0063345 0.0064064 0.0064064 0.0063345 0.2079046 0.2079046 0.2032908 0.2150191 0.2150191 0.2079046 0.2079046 0.1960228 0.1990984 0.1953141 0.1956679 0.1956679 0.2033977 0.3037743 0.3238936 0.3277501 0.3503241 0.3098616 0.3081862 0.2785705 0.2926920 0.2792812 0.3187073 0.3253286 0.3286505 0.3319561 0.3367293 0.3358807 0.3163669 0.3124362 0.3069255 0.3069255 0.3069255 0.3102226 0.3102226 0.3287418 0.2801975 0.2801975 0.2801975 0.2801975 0.2801975 0.2803004 0.2797321 0.3197024 0.2965680 0.2859227 0.2789401 0.2634360 0.2932930 0.2932930 0.2929899 0.2933271 0.2711506 0.2872830 0.2934110 0.2940018 0.2963370 0.2963370 0.2774014 0.2806425 0.2773744 0.2711506 0.2711506 0.3030957 0.2632797 0.3010025 0.3451827 0.3461129 0.2733127 0.2851576 0.2817665 0.2790960 0.2687022 0.2730356 
Lemna_minuta_clone_6717_Lemna_minuta_clone_6717                       0.2383063 0.2383063 0.2384756 0.1206484 0.0972185 0.1022788 0.1153694 0.1232094 0.1211354 0.1211354 0.1003772 0.1003772 0.1006207 0.1008371 0.1157421 0.1100079 0.1100079 0.1100079 0.1120575 0.1099426 0.0000010 0.0000010 0.0000000 0.0000010 0.0000010 0.0000010 0.0000010 0.0011379 0.0000010 0.0000010 0.1314091 0.0990190 0.1152673 0.1230547 0.1187586 0.1187586 0.1120805 0.1120805 0.0064640 0.0042918 0.0053059 0.0065255 0.0053059 0.0053059 0.0053074 0.0053074 0.0042713 0.0057411 0.0046498 0.0000010 0.0063787 0.0064517 0.0064517 0.0063787 0.2079046 0.2079046 0.2032908 0.2150191 0.2150191 0.2079046 0.2079046 0.1963788 0.1994606 0.1956679 0.1960228 0.1960228 0.2033977 0.3043340 0.3245061 0.3283771 0.3509885 0.3104348 0.3099128 0.2785705 0.2926920 0.2792812 0.3193021 0.3259356 0.3292636 0.3325751 0.3373596 0.3365198 0.3169629 0.3130218 0.3074924 0.3074924 0.3074924 0.3107971 0.3107971 0.3293573 0.2814484 0.2814484 0.2814484 0.2814484 0.2814484 0.2815530 0.2809743 0.3202981 0.2975843 0.2867518 0.2796813 0.2634360 0.2940309 0.2940309 0.2937264 0.2940650 0.2711506 0.2872830 0.2934110 0.2940018 0.2963370 0.2963370 0.2774014 0.2806425 0.2773744 0.2711506 0.2711506 0.3030957 0.2632797 0.3010025 0.3468249 0.3478406 0.2739786 0.2851576 0.2817665 0.2798368 0.2693115 0.2736985 
Lemna_minuta_clone_7612_Lemna_minuta_clone_7612                       0.2400220 0.2400220 0.2401924 0.1206484 0.0972185 0.1022788 0.1153694 0.1232094 0.1211354 0.1211354 0.1014852 0.1014852 0.1017299 0.1019472 0.1157421 0.1100079 0.1100079 0.1100079 0.1120575 0.1099426 0.0000010 0.0000010 0.0000010 0.0000000 0.0000010 0.0000010 0.0000010 0.0011363 0.0000010 0.0000010 0.1314091 0.0990190 0.1163102 0.1230547 0.1187586 0.1187586 0.1120805 0.1120805 0.0064185 0.0042763 0.0052693 0.0065074 0.0052765 0.0052765 0.0052780 0.0053074 0.0042361 0.0057411 0.0046360 0.0000010 0.0063345 0.0064064 0.0064064 0.0063345 0.2079046 0.2079046 0.2032908 0.2150191 0.2150191 0.2079046 0.2079046 0.1981149 0.2012020 0.1973995 0.1977566 0.1977566 0.2033977 0.3037743 0.3238936 0.3277501 0.3503241 0.3098616 0.3081862 0.2785705 0.2926920 0.2792812 0.3187073 0.3253286 0.3286505 0.3319561 0.3367293 0.3358807 0.3163669 0.3124362 0.3069255 0.3069255 0.3069255 0.3102226 0.3102226 0.3287418 0.2801975 0.2801975 0.2801975 0.2801975 0.2801975 0.2803004 0.2797321 0.3197024 0.2965680 0.2859227 0.2789401 0.2634360 0.2932930 0.2932930 0.2929899 0.2933271 0.2711506 0.2872830 0.2934110 0.2940018 0.2963370 0.2963370 0.2774014 0.2806425 0.2773744 0.2711506 0.2711506 0.3030957 0.2632797 0.3010025 0.3451827 0.3461129 0.2733127 0.2851576 0.2817665 0.2790960 0.2687022 0.2730356 
Lemna_minuta_clone_8699_Lemna_minuta_clone_8699                       0.2420335 0.2420335 0.2422081 0.1225324 0.0986358 0.1037919 0.1170926 0.1250738 0.1229614 0.1229614 0.1028311 0.1028311 0.1028311 0.1028311 0.1174756 0.1116168 0.1116168 0.1116168 0.1137045 0.1115494 0.0000010 0.0000010 0.0000010 0.0000010 0.0000000 0.0000010 0.0000010 0.0011448 0.0000010 0.0000010 0.1333390 0.1002255 0.1176615 0.1248961 0.1180420 0.1180420 0.1137258 0.1137258 0.0064644 0.0043128 0.0053052 0.0065638 0.0053134 0.0053134 0.0053140 0.0053441 0.0042706 0.0057850 0.0046785 0.0000010 0.0063792 0.0064521 0.0064521 0.0063792 0.2136626 0.2136626 0.2089081 0.2210262 0.2210262 0.2136626 0.2136626 0.1963560 0.1994810 0.1956353 0.1959951 0.1959951 0.2086697 0.3094632 0.3301660 0.3305118 0.3534800 0.3157017 0.3118609 0.2836802 0.2981234 0.2844160 0.3247865 0.3315454 0.3349367 0.3383092 0.3429352 0.3424493 0.3224534 0.3184092 0.3126953 0.3126953 0.3126953 0.3160769 0.3160769 0.3350536 0.2850881 0.2850881 0.2850881 0.2850881 0.2850881 0.2851940 0.2846063 0.3257929 0.3020460 0.2909164 0.2838039 0.2682146 0.3008109 0.3008109 0.3004922 0.3008446 0.2781068 0.2927441 0.2989757 0.2995872 0.3019712 0.3019712 0.2826250 0.2859335 0.2825981 0.2781068 0.2781068 0.3089023 0.2699831 0.3067706 0.3515130 0.3527439 0.2780381 0.2905509 0.2870738 0.2839471 0.2733485 0.2777592 
Lemna_minuta_clone_9226_Lemna_minuta_clone_9226                       0.2400220 0.2400220 0.2401924 0.1206484 0.0972185 0.1022788 0.1153694 0.1232094 0.1211354 0.1211354 0.1014852 0.1014852 0.1017299 0.1019472 0.1157421 0.1100079 0.1100079 0.1100079 0.1120575 0.1099426 0.0000010 0.0000010 0.0000010 0.0000010 0.0000010 0.0000000 0.0000010 0.0011363 0.0000010 0.0000010 0.1314091 0.0990190 0.1163102 0.1230547 0.1187586 0.1187586 0.1120805 0.1120805 0.0064185 0.0042763 0.0052693 0.0065074 0.0052765 0.0052765 0.0052780 0.0053074 0.0042361 0.0057411 0.0046360 0.0000010 0.0063345 0.0064064 0.0064064 0.0063345 0.2079046 0.2079046 0.2032908 0.2150191 0.2150191 0.2079046 0.2079046 0.1981149 0.2012020 0.1973995 0.1977566 0.1977566 0.2033977 0.3037743 0.3238936 0.3277501 0.3503241 0.3098616 0.3081862 0.2785705 0.2926920 0.2792812 0.3187073 0.3253286 0.3286505 0.3319561 0.3367293 0.3358807 0.3163669 0.3124362 0.3069255 0.3069255 0.3069255 0.3102226 0.3102226 0.3287418 0.2801975 0.2801975 0.2801975 0.2801975 0.2801975 0.2803004 0.2797321 0.3197024 0.2965680 0.2859227 0.2789401 0.2634360 0.2932930 0.2932930 0.2929899 0.2933271 0.2711506 0.2872830 0.2934110 0.2940018 0.2963370 0.2963370 0.2774014 0.2806425 0.2773744 0.2711506 0.2711506 0.3030957 0.2632797 0.3010025 0.3451827 0.3461129 0.2733127 0.2851576 0.2817665 0.2790960 0.2687022 0.2730356 
Lemna_minuta_clone_9474_Lemna_minuta_clone_9474                       0.2378844 0.2378844 0.2380532 0.1206484 0.0972185 0.1022788 0.1153694 0.1232094 0.1211354 0.1211354 0.1003772 0.1003772 0.1006207 0.1008371 0.1157421 0.1100079 0.1100079 0.1100079 0.1120575 0.1099426 0.0000010 0.0000010 0.0000010 0.0000010 0.0000010 0.0000010 0.0000000 0.0011363 0.0000010 0.0000010 0.1314091 0.0990190 0.1152673 0.1230547 0.1187586 0.1187586 0.1120805 0.1120805 0.0064551 0.0042859 0.0052987 0.0065164 0.0053059 0.0053059 0.0053074 0.0053074 0.0042655 0.0057411 0.0046429 0.0000010 0.0063701 0.0064428 0.0064428 0.0063701 0.2079046 0.2079046 0.2032908 0.2150191 0.2150191 0.2079046 0.2079046 0.1960228 0.1990984 0.1953141 0.1956679 0.1956679 0.2033977 0.3037743 0.3238936 0.3277501 0.3503241 0.3098616 0.3093477 0.2785705 0.2926920 0.2792812 0.3187073 0.3253286 0.3286505 0.3319561 0.3367293 0.3358807 0.3163669 0.3124362 0.3069255 0.3069255 0.3069255 0.3102226 0.3102226 0.3287418 0.2809550 0.2809550 0.2809550 0.2809550 0.2809550 0.2810594 0.2804825 0.3197024 0.2975843 0.2867518 0.2796813 0.2634360 0.2932930 0.2932930 0.2929899 0.2933271 0.2711506 0.2872830 0.2934110 0.2940018 0.2963370 0.2963370 0.2774014 0.2806425 0.2773744 0.2711506 0.2711506 0.3030957 0.2632797 0.3010025 0.3468249 0.3478406 0.2739786 0.2851576 0.2817665 0.2798368 0.2693115 0.2736985 
Lemna_minuta_strain_7284_Lemna_minuta_strain_7284                     0.2326741 0.2326741 0.2328328 0.1180789 0.0956804 0.1005226 0.1131010 0.1206209 0.1186327 0.1186327 0.1079194 0.1079194 0.1081940 0.1084379 0.1134539 0.1079808 0.1079808 0.1079808 0.1099449 0.1079194 0.0011363 0.0011363 0.0011379 0.0011363 0.0011448 0.0011363 0.0011363 0.0000000 0.0010863 0.0010848 0.1284248 0.1028696 0.1197379 0.1282275 0.1163451 0.1163451 0.1099698 0.1099698 0.0057956 0.0034640 0.0045624 0.0058551 0.0045691 0.0045691 0.0045705 0.0045705 0.0034454 0.0043627 0.0033046 0.0010851 0.0057135 0.0055182 0.0055182 0.0054541 0.2093728 0.2093728 0.2049467 0.2162025 0.2162025 0.2093728 0.2093728 0.1971707 0.2001444 0.1964831 0.1968264 0.1968264 0.2050499 0.3012695 0.3272174 0.3237769 0.3454692 0.3071229 0.3068793 0.2743253 0.3012319 0.2776438 0.3127894 0.3191453 0.3223336 0.3255084 0.3300640 0.3346490 0.3134304 0.3067494 0.3042987 0.3015381 0.3015381 0.3029520 0.3046895 0.3252655 0.2984934 0.2984934 0.2984934 0.2984934 0.2984934 0.2986068 0.2979698 0.3165789 0.2932283 0.3020489 0.2999437 0.2597982 0.2904970 0.2942850 0.2939944 0.2905300 0.2762331 0.2812169 0.2872986 0.2878581 0.2928744 0.2928744 0.2785895 0.2817228 0.2785636 0.2767615 0.2737349 0.2990059 0.2691779 0.2980415 0.3711695 0.3623701 0.2897209 0.2851512 0.2773747 0.3029317 0.2946422 0.2963872 
Lemna_minuta_strain_7726_Lemna_minuta_strain_7726                     0.2355295 0.2355295 0.2356907 0.1201349 0.0976083 0.1024761 0.1150711 0.1226168 0.1206209 0.1206209 0.1098494 0.1098494 0.1101301 0.1103794 0.1154292 0.1099122 0.1099122 0.1099122 0.1118853 0.1098494 0.0000010 0.0000010 0.0000010 0.0000010 0.0000010 0.0000010 0.0000010 0.0010863 0.0000000 0.0000010 0.1304900 0.1051198 0.1218479 0.1304499 0.1183318 0.1183318 0.1119078 0.1119078 0.0069995 0.0046484 0.0057393 0.0070715 0.0057393 0.0057393 0.0057411 0.0057411 0.0046233 0.0054793 0.0044350 0.0000010 0.0068998 0.0066629 0.0066629 0.0065852 0.2093728 0.2093728 0.2049467 0.2162025 0.2162025 0.2093728 0.2093728 0.1998889 0.2028854 0.1991910 0.1995394 0.1995394 0.2050499 0.3046174 0.3308093 0.3273648 0.3491424 0.3105154 0.3103501 0.2770052 0.3040841 0.2803429 0.3162380 0.3226265 0.3258313 0.3290213 0.3336140 0.3383446 0.3169185 0.3101790 0.3076712 0.3048917 0.3048917 0.3063262 0.3080686 0.3287952 0.3019007 0.3019007 0.3019007 0.3019007 0.3019007 0.3020154 0.3013688 0.3200460 0.2961510 0.3049153 0.3028080 0.2624141 0.2949390 0.2987624 0.2984658 0.2949715 0.2800358 0.2840124 0.2901038 0.2906693 0.2957067 0.2957067 0.2813593 0.2845037 0.2813335 0.2804744 0.2774336 0.3019591 0.2728384 0.3010025 0.3744153 0.3655649 0.2925337 0.2879924 0.2801307 0.3058002 0.2974810 0.2992252 
