123
Landoltia_punctata_strain_7248     0.0000000 0.0000010 0.2099687 0.2067053 0.2022240 0.1790746 0.1813195 0.1773186 0.1773186 0.1493697 0.1493697 0.1493697 0.1493697 0.1493697 0.1773186 0.1626543 0.1493697 0.1530487 0.2379994 0.2379994 0.2386654 0.2423092 0.2423092 0.2325701 0.2378414 0.2372171 0.2372171 0.1709950 0.2108285 0.2108285 0.2299548 0.2389893 0.1664018 0.1664018 0.1657261 0.1657261 0.2420257 0.2372402 0.2465654 0.2378601 0.2472596 0.2472596 0.2325411 0.2459140 0.2365050 0.2412688 0.2420257 0.2464534 0.2410006 0.2410006 0.2451595 0.1401892 0.1401892 0.1401892 0.1496812 0.1542688 0.1489780 0.1493288 0.1493288 0.3537238 0.3829125 0.3502917 0.3483473 0.3407451 0.3591094 0.3589925 0.3278579 0.3553169 0.3457480 0.3473886 0.3473886 0.3472637 0.3473886 0.4715822 0.3593381 0.3790534 0.3412231 0.3358459 0.3358459 0.3530591 0.3418400 0.3821915 0.3331365 0.3331365 0.3331365 0.3331365 0.3331365 0.3331365 0.3384251 0.3538040 0.3652367 0.3346716 0.3346610 0.3191869 0.2754245 0.2529661 0.2694853 0.2694853 0.2529661 0.3205848 0.3457931 0.3176759 0.3176759 0.3284917 0.3284917 0.3271841 0.3075463 0.3075463 0.2953138 0.2874761 0.3458379 0.2953138 0.3437415 0.4498138 0.4625542 0.3225910 0.3559604 0.3525018 0.3013776 0.2919247 0.2903087 0.3180421 0.2954564 
Landoltia_punctata_strain_7260     0.0000010 0.0000000 0.2099687 0.2067053 0.2022240 0.1790746 0.1813195 0.1773186 0.1773186 0.1493697 0.1493697 0.1493697 0.1493697 0.1493697 0.1773186 0.1626543 0.1493697 0.1530487 0.2379994 0.2379994 0.2386654 0.2423092 0.2423092 0.2325701 0.2378414 0.2372171 0.2372171 0.1709950 0.2108285 0.2108285 0.2299548 0.2389893 0.1664018 0.1664018 0.1657261 0.1657261 0.2420257 0.2372402 0.2465654 0.2378601 0.2472596 0.2472596 0.2325411 0.2459140 0.2365050 0.2412688 0.2420257 0.2464534 0.2410006 0.2410006 0.2451595 0.1401892 0.1401892 0.1401892 0.1496812 0.1542688 0.1489780 0.1493288 0.1493288 0.3537238 0.3829125 0.3502917 0.3483473 0.3407451 0.3591094 0.3589925 0.3278579 0.3553169 0.3457480 0.3473886 0.3473886 0.3472637 0.3473886 0.4715822 0.3593381 0.3790534 0.3412231 0.3358459 0.3358459 0.3530591 0.3418400 0.3821915 0.3331365 0.3331365 0.3331365 0.3331365 0.3331365 0.3331365 0.3384251 0.3538040 0.3652367 0.3346716 0.3346610 0.3191869 0.2754245 0.2529661 0.2694853 0.2694853 0.2529661 0.3205848 0.3457931 0.3176759 0.3176759 0.3284917 0.3284917 0.3271841 0.3075463 0.3075463 0.2953138 0.2874761 0.3458379 0.2953138 0.3437415 0.4498138 0.4625542 0.3225910 0.3559604 0.3525018 0.3013776 0.2919247 0.2903087 0.3180421 0.2954564 
Lemna_aequinoctialis_strain_6612   0.2099687 0.2099687 0.0000000 0.0135390 0.0112343 0.1660183 0.1661961 0.1623237 0.1623237 0.1373400 0.1373400 0.1373400 0.1373400 0.1373400 0.1623237 0.1463119 0.1373400 0.1373400 0.1028923 0.1028923 0.1028923 0.1028923 0.1028923 0.1023264 0.1056936 0.1056936 0.1056936 0.1506164 0.0119515 0.0119515 0.0472693 0.0511140 0.1539657 0.1539657 0.1529014 0.1529014 0.1059115 0.0993064 0.1092304 0.1030625 0.1092304 0.1092304 0.1028299 0.1117016 0.1022854 0.1056936 0.1059115 0.1091612 0.1085542 0.1085542 0.1116354 0.1717976 0.1717976 0.1717976 0.2019371 0.2172025 0.2009025 0.2014185 0.2014185 0.3815666 0.4036122 0.3630104 0.3597223 0.3865589 0.3885615 0.3884380 0.3326126 0.3552920 0.3454924 0.3705961 0.3705961 0.3704615 0.3705961 0.4761804 0.3775531 0.3938017 0.3870946 0.3812360 0.3812360 0.4000806 0.3878450 0.4320099 0.3197726 0.3197726 0.3197726 0.3197726 0.3197726 0.3197726 0.3308038 0.3716602 0.4134564 0.3623426 0.3677884 0.3689777 0.3130153 0.3066607 0.3250159 0.3250159 0.3066607 0.3325835 0.3389845 0.3610091 0.3610091 0.3729248 0.3729248 0.3605460 0.3559793 0.3559793 0.3363924 0.3280869 0.3743485 0.3280869 0.3722884 0.5341617 0.5214886 0.3664135 0.3827376 0.3664242 0.3799978 0.3564794 0.3728315 0.3614931 0.3788721 
Lemna_aequinoctialis_strain_6746   0.2067053 0.2067053 0.0135390 0.0000000 0.0021902 0.1547214 0.1552461 0.1518267 0.1518267 0.1276147 0.1276147 0.1276147 0.1276147 0.1276147 0.1518267 0.1372463 0.1276147 0.1310686 0.1029966 0.1029966 0.1029966 0.1029966 0.1029966 0.1024240 0.1057949 0.1057949 0.1057949 0.1440509 0.0023262 0.0023262 0.0454750 0.0481255 0.1437203 0.1437203 0.1424975 0.1424975 0.1023520 0.0958109 0.1056391 0.0995194 0.1056391 0.1056391 0.0992936 0.1082923 0.0989618 0.1057949 0.1023520 0.1055716 0.1051733 0.1051733 0.1082275 0.1637183 0.1637183 0.1637183 0.1895933 0.1909303 0.1891115 0.1891115 0.1891115 0.3567225 0.3822013 0.3407865 0.3493798 0.3674752 0.3687661 0.3686444 0.3348713 0.3567375 0.3468467 0.3500809 0.3500809 0.3499506 0.3500809 0.4524650 0.3568042 0.3783116 0.3679942 0.3622440 0.3622440 0.3807054 0.3686988 0.4119890 0.3226368 0.3226368 0.3226368 0.3226368 0.3226368 0.3226368 0.3338072 0.3510600 0.3937968 0.3439990 0.3502871 0.3514119 0.3028054 0.2890955 0.3070387 0.3070387 0.2890955 0.3136658 0.3248382 0.3437643 0.3437643 0.3553717 0.3553717 0.3423197 0.3387158 0.3387158 0.3184448 0.3102842 0.3556827 0.3102842 0.3535543 0.5115613 0.4997529 0.3490335 0.3658383 0.3503792 0.3620506 0.3391618 0.3551291 0.3442061 0.3610160 
Lemna_aequinoctialis_strain_7126   0.2022240 0.2022240 0.0112343 0.0021902 0.0000000 0.1512989 0.1514543 0.1480645 0.1480645 0.1241809 0.1241809 0.1241809 0.1241809 0.1241809 0.1480645 0.1336611 0.1241809 0.1275998 0.0994815 0.0994815 0.0994815 0.0994815 0.0994815 0.0991190 0.1024534 0.1024534 0.1024534 0.1403829 0.0000010 0.0000010 0.0427429 0.0452220 0.1400667 0.1400667 0.1388928 0.1388928 0.0988568 0.0923823 0.1021106 0.0960419 0.1021106 0.1021106 0.0958230 0.1049385 0.0956979 0.1024534 0.0988568 0.1020448 0.1018494 0.1018494 0.1048753 0.1627088 0.1627088 0.1627088 0.1852541 0.1865530 0.1847861 0.1847861 0.1847861 0.3504944 0.3756072 0.3345451 0.3431457 0.3611264 0.3621782 0.3620576 0.3287965 0.3502362 0.3406458 0.3438388 0.3438388 0.3437100 0.3438388 0.4449880 0.3504743 0.3718077 0.3616381 0.3559470 0.3559470 0.3742071 0.3623249 0.4051500 0.3218115 0.3218115 0.3218115 0.3218115 0.3218115 0.3218115 0.3329469 0.3447900 0.3871512 0.3384392 0.3449823 0.3460890 0.2972008 0.2805158 0.2982454 0.2982454 0.2805158 0.3044161 0.3186880 0.3385318 0.3385318 0.3500560 0.3500560 0.3367934 0.3335094 0.3335094 0.3096568 0.3015722 0.3500365 0.3015722 0.3478862 0.5049343 0.4933605 0.3437643 0.3591592 0.3440703 0.3566584 0.3339391 0.3498044 0.3389610 0.3556501 
Lemna_disperma_strain_7269         0.1790746 0.1790746 0.1660183 0.1547214 0.1512989 0.0000000 0.0294885 0.0295419 0.0295419 0.0541981 0.0541981 0.0541981 0.0541981 0.0541981 0.0295419 0.0632431 0.0541981 0.0568357 0.1542197 0.1542197 0.1542197 0.1542197 0.1542197 0.1504373 0.1542312 0.1542312 0.1542312 0.0719889 0.1595398 0.1595398 0.1798286 0.1837158 0.0739514 0.0739514 0.0657115 0.0657115 0.1533338 0.1460021 0.1570106 0.1503153 0.1570106 0.1570106 0.1500094 0.1568621 0.1464797 0.1542312 0.1533338 0.1569238 0.1533959 0.1533959 0.1567803 0.1652127 0.1652127 0.1652127 0.1634475 0.1686922 0.1630541 0.1630541 0.1630541 0.3489616 0.4001615 0.3601859 0.3456461 0.3482230 0.3545149 0.3543991 0.3223037 0.3488248 0.3340699 0.3682728 0.3682728 0.3681427 0.3682728 0.5053307 0.3756466 0.3788699 0.3487070 0.3432834 0.3432834 0.3606594 0.3493410 0.3900793 0.3220717 0.3220717 0.3220717 0.3220717 0.3220717 0.3220717 0.3384200 0.3699407 0.3729605 0.3327780 0.3507388 0.3466883 0.2873507 0.2764571 0.2937555 0.2937555 0.2764571 0.3026429 0.3161839 0.3277344 0.3277344 0.3386579 0.3386579 0.3312292 0.3175221 0.3175221 0.2985349 0.2906399 0.3374035 0.2985349 0.3352941 0.4689668 0.4597599 0.3326970 0.3551260 0.3285155 0.3392263 0.3292471 0.3328430 0.3281225 0.3383374 
Lemna_gibba_strain_7589            0.1813195 0.1813195 0.1661961 0.1552461 0.1514543 0.0294885 0.0000000 0.0000010 0.0000010 0.0515338 0.0515338 0.0515338 0.0515338 0.0515338 0.0000010 0.0604444 0.0515338 0.0541442 0.1688856 0.1688856 0.1688856 0.1688856 0.1688856 0.1641548 0.1680490 0.1680490 0.1680490 0.0719519 0.1597182 0.1597182 0.1800372 0.1883990 0.0682587 0.0682587 0.0600438 0.0600438 0.1679434 0.1604180 0.1717151 0.1648832 0.1717151 0.1717151 0.1645602 0.1707142 0.1600746 0.1680490 0.1679434 0.1716245 0.1671635 0.1671635 0.1706290 0.2017068 0.2017068 0.2017068 0.1588564 0.1639813 0.1584784 0.1584784 0.1584784 0.3485328 0.3935305 0.3565948 0.3422939 0.3477959 0.3540577 0.3539421 0.3250979 0.3516460 0.3368397 0.3619852 0.3619852 0.3618568 0.3619852 0.5046188 0.3879156 0.3848046 0.3482787 0.3428681 0.3428681 0.3602021 0.3489105 0.3895536 0.3139182 0.3139182 0.3139182 0.3139182 0.3139182 0.3139182 0.3299453 0.3821068 0.3724738 0.3201772 0.3326542 0.3286877 0.2797320 0.2553011 0.2719242 0.2719242 0.2553011 0.2793796 0.3102302 0.3159387 0.3159387 0.3266503 0.3266503 0.3187047 0.3116841 0.3116841 0.2767244 0.2690911 0.3247163 0.2767244 0.3225696 0.4611422 0.4450496 0.3208067 0.3486721 0.3225495 0.3331356 0.3232597 0.3268409 0.3162982 0.3322767 
Lemna_gibba_strain_7741            0.1773186 0.1773186 0.1623237 0.1518267 0.1480645 0.0295419 0.0000010 0.0000000 0.0000010 0.0489422 0.0489422 0.0489422 0.0489422 0.0489422 0.0000010 0.0577281 0.0489422 0.0515279 0.1647496 0.1647496 0.1647496 0.1647496 0.1647496 0.1602950 0.1641548 0.1641548 0.1641548 0.0691045 0.1560549 0.1560549 0.1758756 0.1839424 0.0654797 0.0654797 0.0574567 0.0574567 0.1638237 0.1563686 0.1675622 0.1607815 0.1675622 0.1675622 0.1604638 0.1668050 0.1562576 0.1641548 0.1638237 0.1674728 0.1632838 0.1632838 0.1667209 0.1921918 0.1921918 0.1921918 0.1553788 0.1600639 0.1546424 0.1550097 0.1550097 0.3431209 0.3877026 0.3565948 0.3378106 0.3423903 0.3484162 0.3483014 0.3250979 0.3526718 0.3377861 0.3564135 0.3564135 0.3562862 0.3564135 0.4977742 0.3821068 0.3790806 0.3428681 0.3374990 0.3374990 0.3546905 0.3434865 0.3837998 0.3086010 0.3086010 0.3086010 0.3086010 0.3086010 0.3086010 0.3244988 0.3763419 0.3668573 0.3201772 0.3326542 0.3286877 0.2755469 0.2553011 0.2719242 0.2719242 0.2553011 0.2793796 0.3111160 0.3159387 0.3159387 0.3266503 0.3266503 0.3187047 0.3116841 0.3116841 0.2767244 0.2690911 0.3247163 0.2767244 0.3225696 0.4611422 0.4450496 0.3208067 0.3497005 0.3234578 0.3331356 0.3232597 0.3268409 0.3162982 0.3322767 
Lemna_gibba_strain_7784            0.1773186 0.1773186 0.1623237 0.1518267 0.1480645 0.0295419 0.0000010 0.0000010 0.0000000 0.0489422 0.0489422 0.0489422 0.0489422 0.0489422 0.0000010 0.0577281 0.0489422 0.0515279 0.1647496 0.1647496 0.1647496 0.1647496 0.1647496 0.1602950 0.1641548 0.1641548 0.1641548 0.0691045 0.1560549 0.1560549 0.1758756 0.1839424 0.0654797 0.0654797 0.0574567 0.0574567 0.1638237 0.1563686 0.1675622 0.1607815 0.1675622 0.1675622 0.1604638 0.1668050 0.1562576 0.1641548 0.1638237 0.1674728 0.1632838 0.1632838 0.1667209 0.1921918 0.1921918 0.1921918 0.1553788 0.1600639 0.1546424 0.1550097 0.1550097 0.3431209 0.3877026 0.3565948 0.3378106 0.3423903 0.3484162 0.3483014 0.3250979 0.3526718 0.3377861 0.3564135 0.3564135 0.3562862 0.3564135 0.4977742 0.3821068 0.3790806 0.3428681 0.3374990 0.3374990 0.3546905 0.3434865 0.3837998 0.3086010 0.3086010 0.3086010 0.3086010 0.3086010 0.3086010 0.3244988 0.3763419 0.3668573 0.3201772 0.3326542 0.3286877 0.2755469 0.2553011 0.2719242 0.2719242 0.2553011 0.2793796 0.3111160 0.3159387 0.3159387 0.3266503 0.3266503 0.3187047 0.3116841 0.3116841 0.2767244 0.2690911 0.3247163 0.2767244 0.3225696 0.4611422 0.4450496 0.3208067 0.3497005 0.3234578 0.3331356 0.3232597 0.3268409 0.3162982 0.3322767 
Lemna_japonica_strain_0189         0.1493697 0.1493697 0.1373400 0.1276147 0.1241809 0.0541981 0.0515338 0.0489422 0.0489422 0.0000000 0.0000010 0.0000010 0.0000010 0.0000010 0.0423513 0.0063978 0.0000010 0.0020817 0.1144278 0.1144278 0.1144278 0.1144278 0.1144278 0.1268908 0.1304111 0.1304111 0.1304111 0.0341475 0.1217235 0.1211620 0.1392131 0.1456151 0.0337688 0.0337688 0.0267521 0.0267521 0.1138052 0.1078496 0.1167911 0.1112610 0.1167911 0.1167911 0.1110427 0.1329209 0.1232442 0.1304111 0.1138052 0.1167271 0.1113908 0.1118459 0.1136030 0.1763765 0.1763765 0.1763765 0.1384357 0.1428060 0.1377998 0.1381170 0.1381170 0.3211909 0.3751829 0.3402396 0.3311895 0.3204920 0.3289861 0.3288782 0.3004822 0.3251111 0.3117089 0.3447437 0.3447437 0.3446202 0.3447437 0.4757144 0.3878475 0.3555376 0.3209457 0.3157953 0.3157953 0.3322491 0.3215062 0.3600887 0.2427638 0.2427638 0.2427638 0.2427638 0.2427638 0.2427638 0.2548628 0.3820890 0.3438730 0.3056017 0.2759853 0.2748407 0.2493749 0.2726614 0.2897403 0.2897403 0.2726614 0.2983082 0.3008635 0.2983655 0.2983655 0.3087608 0.3087608 0.3000737 0.2885942 0.2885942 0.2944976 0.2866944 0.3058447 0.2944976 0.3036468 0.4105043 0.4162498 0.2638165 0.3269470 0.3092228 0.2643030 0.2504548 0.2577779 0.2600676 0.2631625 
Lemna_japonica_strain_0216         0.1493697 0.1493697 0.1373400 0.1276147 0.1241809 0.0541981 0.0515338 0.0489422 0.0489422 0.0000010 0.0000000 0.0000010 0.0000010 0.0000010 0.0422132 0.0063978 0.0000010 0.0020817 0.1144278 0.1144278 0.1144278 0.1144278 0.1144278 0.1268908 0.1304111 0.1304111 0.1304111 0.0341475 0.1217235 0.1211620 0.1392131 0.1456151 0.0337688 0.0337688 0.0267521 0.0267521 0.1138052 0.1078496 0.1167911 0.1112610 0.1167911 0.1167911 0.1110427 0.1329209 0.1232442 0.1304111 0.1138052 0.1167271 0.1113908 0.1118459 0.1136030 0.1763765 0.1763765 0.1763765 0.1384357 0.1428060 0.1377998 0.1381170 0.1381170 0.3211909 0.3751829 0.3402396 0.3311895 0.3204920 0.3289861 0.3288782 0.3004822 0.3251111 0.3117089 0.3447437 0.3447437 0.3446202 0.3447437 0.4757144 0.3878475 0.3555376 0.3209457 0.3157953 0.3157953 0.3322491 0.3215062 0.3600887 0.2410758 0.2410758 0.2410758 0.2410758 0.2410758 0.2410758 0.2530745 0.3820890 0.3438730 0.3056017 0.2759853 0.2748407 0.2493749 0.2726614 0.2897403 0.2897403 0.2726614 0.2983082 0.3008635 0.2983655 0.2983655 0.3087608 0.3087608 0.3000737 0.2885942 0.2885942 0.2944976 0.2866944 0.3058447 0.2944976 0.3036468 0.4105043 0.4162498 0.2638165 0.3269470 0.3092228 0.2643030 0.2536266 0.2577779 0.2600676 0.2631625 
Lemna_japonica_strain_7182         0.1493697 0.1493697 0.1373400 0.1276147 0.1241809 0.0541981 0.0515338 0.0489422 0.0489422 0.0000010 0.0000010 0.0000000 0.0000010 0.0000010 0.0489422 0.0063978 0.0000010 0.0020817 0.1290172 0.1290172 0.1290172 0.1290172 0.1290172 0.1268908 0.1304111 0.1304111 0.1304111 0.0341475 0.1300520 0.1300520 0.1500362 0.1561894 0.0337688 0.0337688 0.0267521 0.0267521 0.1282591 0.1214544 0.1316729 0.1253928 0.1316729 0.1316729 0.1251285 0.1329209 0.1232442 0.1304111 0.1282591 0.1315963 0.1296896 0.1296896 0.1328482 0.1763765 0.1763765 0.1763765 0.1384357 0.1428060 0.1377998 0.1381170 0.1381170 0.3211909 0.3751829 0.3402396 0.3311895 0.3204920 0.3255280 0.3254176 0.3004822 0.3251111 0.3117089 0.3447437 0.3447437 0.3446202 0.3447437 0.4757144 0.3878475 0.3555376 0.3209457 0.3157953 0.3157953 0.3322491 0.3215062 0.3600887 0.2933306 0.2933306 0.2933306 0.2933306 0.2933306 0.2933306 0.3086984 0.3820890 0.3438730 0.3014351 0.3200766 0.3161651 0.2493749 0.2726614 0.2897403 0.2897403 0.2726614 0.2983082 0.3008635 0.2983655 0.2983655 0.3087608 0.3087608 0.3000737 0.2885942 0.2885942 0.2944976 0.2866944 0.3058447 0.2944976 0.3036468 0.4444093 0.4360644 0.3030917 0.3269470 0.3092228 0.3091370 0.2996316 0.3031674 0.2986826 0.3083912 
Lemna_japonica_strain_8695         0.1493697 0.1493697 0.1373400 0.1276147 0.1241809 0.0541981 0.0515338 0.0489422 0.0489422 0.0000010 0.0000010 0.0000010 0.0000000 0.0000010 0.0428788 0.0063978 0.0000010 0.0020817 0.1144278 0.1144278 0.1144278 0.1144278 0.1144278 0.1268908 0.1304111 0.1304111 0.1304111 0.0341475 0.1217235 0.1211620 0.1392131 0.1456151 0.0337688 0.0337688 0.0267521 0.0267521 0.1138052 0.1078496 0.1167911 0.1112610 0.1167911 0.1167911 0.1110427 0.1329209 0.1232442 0.1304111 0.1138052 0.1167271 0.1113908 0.1118459 0.1138446 0.1763765 0.1763765 0.1763765 0.1384357 0.1428060 0.1377998 0.1381170 0.1381170 0.3211909 0.3751829 0.3402396 0.3311895 0.3204920 0.3289861 0.3288782 0.3004822 0.3251111 0.3117089 0.3447437 0.3447437 0.3446202 0.3447437 0.4757144 0.3878475 0.3555376 0.3209457 0.3157953 0.3157953 0.3322491 0.3215062 0.3600887 0.2470327 0.2470327 0.2470327 0.2470327 0.2470327 0.2470327 0.2593842 0.3820890 0.3438730 0.3056017 0.2766872 0.2711765 0.2493749 0.2726614 0.2897403 0.2897403 0.2726614 0.2983082 0.3008635 0.2983655 0.2983655 0.3087608 0.3087608 0.3000737 0.2885942 0.2885942 0.2944976 0.2866944 0.3058447 0.2944976 0.3036468 0.4105043 0.4162498 0.2638165 0.3269470 0.3092228 0.2643030 0.2523399 0.2577779 0.2607219 0.2638250 
Lemna_japonica_strain_9017         0.1493697 0.1493697 0.1373400 0.1276147 0.1241809 0.0541981 0.0515338 0.0489422 0.0489422 0.0000010 0.0000010 0.0000010 0.0000010 0.0000000 0.0425823 0.0063978 0.0000010 0.0020817 0.1144278 0.1144278 0.1144278 0.1144278 0.1144278 0.1268908 0.1304111 0.1304111 0.1304111 0.0341475 0.1217235 0.1211620 0.1392131 0.1456151 0.0337688 0.0337688 0.0267521 0.0267521 0.1138052 0.1078496 0.1167911 0.1112610 0.1167911 0.1167911 0.1110427 0.1329209 0.1232442 0.1304111 0.1138052 0.1167271 0.1113908 0.1118459 0.1138446 0.1763765 0.1763765 0.1763765 0.1384357 0.1428060 0.1377998 0.1381170 0.1381170 0.3211909 0.3751829 0.3402396 0.3311895 0.3204920 0.3289861 0.3288782 0.3004822 0.3251111 0.3117089 0.3447437 0.3447437 0.3446202 0.3447437 0.4757144 0.3878475 0.3555376 0.3209457 0.3157953 0.3157953 0.3322491 0.3215062 0.3600887 0.2445780 0.2445780 0.2445780 0.2445780 0.2445780 0.2445780 0.2567815 0.3820890 0.3438730 0.3056017 0.2766872 0.2748407 0.2493749 0.2726614 0.2897403 0.2897403 0.2726614 0.2983082 0.3008635 0.2983655 0.2983655 0.3087608 0.3087608 0.3000737 0.2885942 0.2885942 0.2944976 0.2866944 0.3058447 0.2944976 0.3036468 0.4105043 0.4162498 0.2638165 0.3269470 0.3092228 0.2643030 0.2523399 0.2577779 0.2607219 0.2638250 
Lemna_japonica_strain_9250         0.1773186 0.1773186 0.1623237 0.1518267 0.1480645 0.0295419 0.0000010 0.0000010 0.0000010 0.0423513 0.0422132 0.0489422 0.0428788 0.0425823 0.0000000 0.0577281 0.0489422 0.0515279 0.1453008 0.1453008 0.1453008 0.1453008 0.1453008 0.1602950 0.1641548 0.1641548 0.1641548 0.0691045 0.1444427 0.1437462 0.1616903 0.1698775 0.0654797 0.0654797 0.0574567 0.0574567 0.1445404 0.1380797 0.1477771 0.1418618 0.1477771 0.1477771 0.1415979 0.1668050 0.1562576 0.1641548 0.1445404 0.1477019 0.1393027 0.1398952 0.1415815 0.1921918 0.1921918 0.1921918 0.1553788 0.1600639 0.1546424 0.1550097 0.1550097 0.3431209 0.3877026 0.3565948 0.3378106 0.3423903 0.3513781 0.3512661 0.3250979 0.3526718 0.3377861 0.3564135 0.3564135 0.3562862 0.3564135 0.4977742 0.3821068 0.3790806 0.3428681 0.3374990 0.3374990 0.3546905 0.3434865 0.3837998 0.2531849 0.2531849 0.2531849 0.2531849 0.2531849 0.2531849 0.2655696 0.3763419 0.3668573 0.3239278 0.2861314 0.2850186 0.2755469 0.2553011 0.2719242 0.2719242 0.2553011 0.2793796 0.3111160 0.3159387 0.3159387 0.3266503 0.3266503 0.3187047 0.3116841 0.3116841 0.2767244 0.2690911 0.3247163 0.2767244 0.3225696 0.4247246 0.4246631 0.2781869 0.3497005 0.3234578 0.2835754 0.2723897 0.2768933 0.2743472 0.2823038 
Lemna_minor_strain_7018            0.1626543 0.1626543 0.1463119 0.1372463 0.1336611 0.0632431 0.0604444 0.0577281 0.0577281 0.0063978 0.0063978 0.0063978 0.0063978 0.0063978 0.0577281 0.0000000 0.0063978 0.0085727 0.1393745 0.1393745 0.1393745 0.1393745 0.1393745 0.1365553 0.1402236 0.1402236 0.1402236 0.0296055 0.1403960 0.1403960 0.1626130 0.1723436 0.0391402 0.0391402 0.0344768 0.0344768 0.1385546 0.1315191 0.1421121 0.1355962 0.1421121 0.1421121 0.1353113 0.1428068 0.1327984 0.1402236 0.1385546 0.1420303 0.1394470 0.1394470 0.1427294 0.1763765 0.1763765 0.1763765 0.1514143 0.1560324 0.1507007 0.1510567 0.1510567 0.3398255 0.3991435 0.3507678 0.3312856 0.3390930 0.3450234 0.3449082 0.3162453 0.3422903 0.3278842 0.3673085 0.3673085 0.3671787 0.3673085 0.5049167 0.4125079 0.3784739 0.3395714 0.3341860 0.3341860 0.3514245 0.3401866 0.3684330 0.3141113 0.3141113 0.3141113 0.3141113 0.3141113 0.3141113 0.3301720 0.4064965 0.3517615 0.3151840 0.3277206 0.3237209 0.2630194 0.2726614 0.2897403 0.2897403 0.2726614 0.2983082 0.3027037 0.3112067 0.3112067 0.3219799 0.3219799 0.3137205 0.3011066 0.3011066 0.2944976 0.2866944 0.3078482 0.2944976 0.3056226 0.4553952 0.4544326 0.3161031 0.3412959 0.3224833 0.3224473 0.3125987 0.3162106 0.3115596 0.3216278 
Lemna_minor_strain_7136            0.1493697 0.1493697 0.1373400 0.1276147 0.1241809 0.0541981 0.0515338 0.0489422 0.0489422 0.0000010 0.0000010 0.0000010 0.0000010 0.0000010 0.0489422 0.0063978 0.0000000 0.0020817 0.1290172 0.1290172 0.1290172 0.1290172 0.1290172 0.1268908 0.1304111 0.1304111 0.1304111 0.0341475 0.1300520 0.1300520 0.1500362 0.1561894 0.0337688 0.0337688 0.0267521 0.0267521 0.1282591 0.1214544 0.1316729 0.1253928 0.1316729 0.1316729 0.1251285 0.1329209 0.1232442 0.1304111 0.1282591 0.1315963 0.1296896 0.1296896 0.1328482 0.1763765 0.1763765 0.1763765 0.1384357 0.1428060 0.1377998 0.1381170 0.1381170 0.3211909 0.3751829 0.3402396 0.3311895 0.3204920 0.3255280 0.3254176 0.3004822 0.3251111 0.3117089 0.3447437 0.3447437 0.3446202 0.3447437 0.4757144 0.3878475 0.3555376 0.3209457 0.3157953 0.3157953 0.3322491 0.3215062 0.3600887 0.2933306 0.2933306 0.2933306 0.2933306 0.2933306 0.2933306 0.3086984 0.3820890 0.3438730 0.3014351 0.3200766 0.3161651 0.2493749 0.2726614 0.2897403 0.2897403 0.2726614 0.2983082 0.3008635 0.2983655 0.2983655 0.3087608 0.3087608 0.3000737 0.2885942 0.2885942 0.2944976 0.2866944 0.3058447 0.2944976 0.3036468 0.4444093 0.4360644 0.3030917 0.3269470 0.3092228 0.3091370 0.2996316 0.3031674 0.2986826 0.3083912 
Lemna_minor_strain_9253            0.1530487 0.1530487 0.1373400 0.1310686 0.1275998 0.0568357 0.0541442 0.0515279 0.0515279 0.0020817 0.0020817 0.0020817 0.0020817 0.0020817 0.0515279 0.0085727 0.0020817 0.0000000 0.1327434 0.1327434 0.1327434 0.1327434 0.1327434 0.1303854 0.1339380 0.1339380 0.1339380 0.0316874 0.1337416 0.1337416 0.1538502 0.1602582 0.0361967 0.0361967 0.0291228 0.0291228 0.1319678 0.1251025 0.1354116 0.1290864 0.1354116 0.1354116 0.1288163 0.1364591 0.1267013 0.1339380 0.1319678 0.1353335 0.1332009 0.1332009 0.1363851 0.1864568 0.1864568 0.1864568 0.1420634 0.1464889 0.1414081 0.1417350 0.1417350 0.3264518 0.3809382 0.3458241 0.3366080 0.3257470 0.3310041 0.3308929 0.3056334 0.3306221 0.3169512 0.3502476 0.3502476 0.3501229 0.3502476 0.4824156 0.3937348 0.3611006 0.3262052 0.3210142 0.3210142 0.3376062 0.3267781 0.3656803 0.2985381 0.2985381 0.2985381 0.2985381 0.2985381 0.2985381 0.3140333 0.3879319 0.3493317 0.3069582 0.3254703 0.3215371 0.2540184 0.2817136 0.2990177 0.2990177 0.2817136 0.3081712 0.3061738 0.3035508 0.3035508 0.3140301 0.3140301 0.3055657 0.2937099 0.2937099 0.3037475 0.2958615 0.3114019 0.3037475 0.3092206 0.4510084 0.4424458 0.3083147 0.3325387 0.3145051 0.3144397 0.3048587 0.3084024 0.3038801 0.3136698 
Lemna_minuta_clone_5571            0.2379994 0.2379994 0.1028923 0.1029966 0.0994815 0.1542197 0.1688856 0.1647496 0.1647496 0.1144278 0.1144278 0.1290172 0.1144278 0.1144278 0.1453008 0.1393745 0.1290172 0.1327434 0.0000000 0.0000010 0.0000010 0.0000010 0.0000010 0.0023668 0.0000010 0.0000010 0.0000010 0.1508285 0.0948862 0.0948862 0.1052982 0.1159993 0.1538979 0.1538979 0.1410365 0.1410365 0.0086704 0.0065043 0.0108636 0.0065121 0.0108824 0.0108824 0.0064972 0.0120145 0.0071782 0.0000010 0.0086704 0.0130773 0.0086704 0.0086704 0.0130773 0.1934040 0.1934040 0.1934040 0.2217870 0.2228768 0.2205523 0.2211679 0.2211679 0.3922680 0.4516660 0.4269229 0.4212832 0.3844579 0.3804529 0.3804529 0.3283219 0.3375407 0.3359886 0.4287283 0.4287283 0.4285686 0.4287283 0.5315743 0.4451303 0.4336419 0.3780754 0.3780754 0.3780754 0.3851069 0.3851069 0.4255815 0.3227484 0.3227484 0.3227484 0.3227484 0.3227484 0.3227484 0.3333851 0.4382750 0.4059221 0.3736127 0.3521027 0.3380594 0.3196737 0.3045680 0.3045680 0.3045680 0.3045680 0.3229668 0.3553617 0.3703037 0.3703037 0.3767704 0.3767704 0.3703037 0.3637660 0.3637660 0.3229668 0.3229668 0.3843952 0.3011271 0.3799118 0.4765499 0.4754810 0.3323070 0.3566856 0.3772537 0.3433889 0.3334543 0.3279148 0.3285659 0.3370097 
Lemna_minuta_clone_5572            0.2379994 0.2379994 0.1028923 0.1029966 0.0994815 0.1542197 0.1688856 0.1647496 0.1647496 0.1144278 0.1144278 0.1290172 0.1144278 0.1144278 0.1453008 0.1393745 0.1290172 0.1327434 0.0000010 0.0000000 0.0000010 0.0000010 0.0000010 0.0023668 0.0000010 0.0000010 0.0000010 0.1508285 0.0948862 0.0948862 0.1052982 0.1159993 0.1538979 0.1538979 0.1410365 0.1410365 0.0086704 0.0065043 0.0108636 0.0065121 0.0108824 0.0108824 0.0064972 0.0120145 0.0071782 0.0000010 0.0086704 0.0130773 0.0086704 0.0086704 0.0130773 0.1934040 0.1934040 0.1934040 0.2217870 0.2228768 0.2205523 0.2211679 0.2211679 0.3922680 0.4516660 0.4269229 0.4212832 0.3844579 0.3804529 0.3804529 0.3283219 0.3375407 0.3359886 0.4287283 0.4287283 0.4285686 0.4287283 0.5315743 0.4451303 0.4336419 0.3780754 0.3780754 0.3780754 0.3851069 0.3851069 0.4255815 0.3227484 0.3227484 0.3227484 0.3227484 0.3227484 0.3227484 0.3333851 0.4382750 0.4059221 0.3736127 0.3521027 0.3380594 0.3196737 0.3045680 0.3045680 0.3045680 0.3045680 0.3229668 0.3553617 0.3703037 0.3703037 0.3767704 0.3767704 0.3703037 0.3637660 0.3637660 0.3229668 0.3229668 0.3843952 0.3011271 0.3799118 0.4765499 0.4754810 0.3323070 0.3566856 0.3772537 0.3433889 0.3334543 0.3279148 0.3285659 0.3370097 
Lemna_minuta_clone_6717            0.2386654 0.2386654 0.1028923 0.1029966 0.0994815 0.1542197 0.1688856 0.1647496 0.1647496 0.1144278 0.1144278 0.1290172 0.1144278 0.1144278 0.1453008 0.1393745 0.1290172 0.1327434 0.0000010 0.0000010 0.0000000 0.0000010 0.0000010 0.0023713 0.0000010 0.0000010 0.0000010 0.1508285 0.0948862 0.0948862 0.1052982 0.1159993 0.1538979 0.1538979 0.1410365 0.1410365 0.0086843 0.0065145 0.0108824 0.0065233 0.0108824 0.0108824 0.0065084 0.0120145 0.0071918 0.0000010 0.0086843 0.0130999 0.0086843 0.0086843 0.0130999 0.1934040 0.1934040 0.1934040 0.2224093 0.2235050 0.2211679 0.2217870 0.2217870 0.3935060 0.4531460 0.4283369 0.4226500 0.3856627 0.3816078 0.3816078 0.3283219 0.3375407 0.3359886 0.4301162 0.4301162 0.4299557 0.4301162 0.5334092 0.4465890 0.4350408 0.3792565 0.3792565 0.3792565 0.3863162 0.3863162 0.4269479 0.3236610 0.3236610 0.3236610 0.3236610 0.3236610 0.3236610 0.3343313 0.4397073 0.4072121 0.3736127 0.3521027 0.3380594 0.3196737 0.3063162 0.3063162 0.3063162 0.3063162 0.3229668 0.3553617 0.3703037 0.3703037 0.3767704 0.3767704 0.3703037 0.3637660 0.3637660 0.3229668 0.3229668 0.3843952 0.3011271 0.3799118 0.4765499 0.4754810 0.3323070 0.3566856 0.3772537 0.3433889 0.3334543 0.3279148 0.3285659 0.3370097 
Lemna_minuta_clone_7612            0.2423092 0.2423092 0.1028923 0.1029966 0.0994815 0.1542197 0.1688856 0.1647496 0.1647496 0.1144278 0.1144278 0.1290172 0.1144278 0.1144278 0.1453008 0.1393745 0.1290172 0.1327434 0.0000010 0.0000010 0.0000010 0.0000000 0.0000010 0.0023668 0.0000010 0.0000010 0.0000010 0.1508285 0.0948862 0.0948862 0.1052982 0.1159993 0.1538979 0.1538979 0.1410365 0.1410365 0.0086704 0.0064932 0.0108636 0.0065009 0.0108824 0.0108824 0.0064860 0.0120145 0.0071647 0.0000010 0.0086704 0.0130773 0.0086704 0.0086704 0.0130773 0.1934040 0.1934040 0.1934040 0.2260651 0.2271773 0.2248050 0.2254334 0.2254334 0.3922680 0.4516660 0.4269229 0.4212832 0.3844579 0.3804529 0.3804529 0.3283219 0.3375407 0.3359886 0.4287283 0.4287283 0.4285686 0.4287283 0.5315743 0.4451303 0.4336419 0.3780754 0.3780754 0.3780754 0.3851069 0.3851069 0.4255815 0.3227484 0.3227484 0.3227484 0.3227484 0.3227484 0.3227484 0.3333851 0.4382750 0.4059221 0.3736127 0.3521027 0.3380594 0.3196737 0.3028383 0.3028383 0.3028383 0.3028383 0.3229668 0.3553617 0.3703037 0.3703037 0.3767704 0.3767704 0.3703037 0.3637660 0.3637660 0.3229668 0.3229668 0.3843952 0.3011271 0.3799118 0.4765499 0.4754810 0.3323070 0.3566856 0.3772537 0.3433889 0.3334543 0.3279148 0.3285659 0.3370097 
Lemna_minuta_clone_9226            0.2423092 0.2423092 0.1028923 0.1029966 0.0994815 0.1542197 0.1688856 0.1647496 0.1647496 0.1144278 0.1144278 0.1290172 0.1144278 0.1144278 0.1453008 0.1393745 0.1290172 0.1327434 0.0000010 0.0000010 0.0000010 0.0000010 0.0000000 0.0023668 0.0000010 0.0000010 0.0000010 0.1508285 0.0948862 0.0948862 0.1052982 0.1159993 0.1538979 0.1538979 0.1410365 0.1410365 0.0086704 0.0064932 0.0108636 0.0065009 0.0108824 0.0108824 0.0064860 0.0120145 0.0071647 0.0000010 0.0086704 0.0130773 0.0086704 0.0086704 0.0130773 0.1934040 0.1934040 0.1934040 0.2260651 0.2271773 0.2248050 0.2254334 0.2254334 0.3922680 0.4516660 0.4269229 0.4212832 0.3844579 0.3804529 0.3804529 0.3283219 0.3375407 0.3359886 0.4287283 0.4287283 0.4285686 0.4287283 0.5315743 0.4451303 0.4336419 0.3780754 0.3780754 0.3780754 0.3851069 0.3851069 0.4255815 0.3227484 0.3227484 0.3227484 0.3227484 0.3227484 0.3227484 0.3333851 0.4382750 0.4059221 0.3736127 0.3521027 0.3380594 0.3196737 0.3028383 0.3028383 0.3028383 0.3028383 0.3229668 0.3553617 0.3703037 0.3703037 0.3767704 0.3767704 0.3703037 0.3637660 0.3637660 0.3229668 0.3229668 0.3843952 0.3011271 0.3799118 0.4765499 0.4754810 0.3323070 0.3566856 0.3772537 0.3433889 0.3334543 0.3279148 0.3285659 0.3370097 
Lemna_minuta_strain_7284           0.2325701 0.2325701 0.1023264 0.1024240 0.0991190 0.1504373 0.1641548 0.1602950 0.1602950 0.1268908 0.1268908 0.1268908 0.1268908 0.1268908 0.1602950 0.1365553 0.1268908 0.1303854 0.0023668 0.0023668 0.0023713 0.0023668 0.0023668 0.0000000 0.0022365 0.0022326 0.0022326 0.1472493 0.0962000 0.0962000 0.1084343 0.1192537 0.1501398 0.1501398 0.1381441 0.1381441 0.0071376 0.0047597 0.0095414 0.0047659 0.0095594 0.0095594 0.0047537 0.0090124 0.0044884 0.0022326 0.0071376 0.0119678 0.0067309 0.0067309 0.0112818 0.2070532 0.2070532 0.2070532 0.2265891 0.2276397 0.2253981 0.2259921 0.2259921 0.3875233 0.4578146 0.4183740 0.4132786 0.3802384 0.3750081 0.3748858 0.3221209 0.3438150 0.3347665 0.4152518 0.4152518 0.4151054 0.4152518 0.5520046 0.4369374 0.4198679 0.3742697 0.3684820 0.3684820 0.3870766 0.3749894 0.4185964 0.3565214 0.3565214 0.3565214 0.3565214 0.3565214 0.3565214 0.3681681 0.4305567 0.4002696 0.3634051 0.3806410 0.3763253 0.3141483 0.2979852 0.3160343 0.3160343 0.2979852 0.3385834 0.3429173 0.3682237 0.3682237 0.3802660 0.3802660 0.3616006 0.3630348 0.3630348 0.3425328 0.3341254 0.3754362 0.3224372 0.3733791 0.5359392 0.5079635 0.3736832 0.3853027 0.3676188 0.3873285 0.3762653 0.3800635 0.3687251 0.3800458 
Lemna_minuta_strain_7726           0.2378414 0.2378414 0.1056936 0.1057949 0.1024534 0.1542312 0.1680490 0.1641548 0.1641548 0.1304111 0.1304111 0.1304111 0.1304111 0.1304111 0.1641548 0.1402236 0.1304111 0.1339380 0.0000010 0.0000010 0.0000010 0.0000010 0.0000010 0.0022365 0.0000000 0.0000010 0.0000010 0.1510348 0.0997169 0.0997169 0.1120203 0.1231517 0.1539278 0.1539278 0.1417845 0.1417845 0.0095866 0.0071918 0.0120145 0.0072013 0.0120145 0.0120145 0.0071842 0.0113234 0.0067791 0.0000010 0.0095866 0.0144674 0.0090365 0.0090365 0.0136323 0.2070532 0.2070532 0.2070532 0.2318653 0.2329467 0.2306392 0.2312507 0.2312507 0.3947879 0.4660090 0.4262297 0.4209415 0.3873948 0.3823554 0.3822318 0.3277007 0.3497663 0.3404619 0.4229080 0.4229080 0.4227593 0.4229080 0.5615629 0.4448876 0.4275345 0.3813563 0.3755015 0.3755015 0.3943258 0.3820965 0.4262394 0.3636614 0.3636614 0.3636614 0.3636614 0.3636614 0.3636614 0.3754360 0.4384323 0.4076881 0.3698086 0.3868335 0.3824978 0.3195812 0.3092783 0.3276717 0.3276717 0.3092783 0.3494213 0.3488958 0.3742892 0.3742892 0.3864305 0.3864305 0.3679640 0.3690696 0.3690696 0.3528039 0.3443087 0.3819422 0.3324111 0.3799118 0.5437082 0.5152978 0.3797914 0.3917251 0.3736823 0.3935821 0.3824336 0.3862377 0.3748048 0.3862177 
Lemna_minuta_strain_8065           0.2372171 0.2372171 0.1056936 0.1057949 0.1024534 0.1542312 0.1680490 0.1641548 0.1641548 0.1304111 0.1304111 0.1304111 0.1304111 0.1304111 0.1641548 0.1402236 0.1304111 0.1339380 0.0000010 0.0000010 0.0000010 0.0000010 0.0000010 0.0022326 0.0000010 0.0000000 0.0000010 0.1510348 0.0997169 0.0997169 0.1120203 0.1231517 0.1539278 0.1539278 0.1417845 0.1417845 0.0095684 0.0071782 0.0119917 0.0071877 0.0120145 0.0120145 0.0071707 0.0113234 0.0067671 0.0000010 0.0095684 0.0144398 0.0090204 0.0090204 0.0136078 0.2070532 0.2070532 0.2070532 0.2312507 0.2323266 0.2300308 0.2306392 0.2306392 0.3936195 0.4645670 0.4249117 0.4196647 0.3862558 0.3811944 0.3810713 0.3277007 0.3497663 0.3404619 0.4216291 0.4216291 0.4214810 0.4216291 0.5597131 0.4435227 0.4262462 0.3802384 0.3744038 0.3744038 0.3931606 0.3809741 0.4249571 0.3625649 0.3625649 0.3625649 0.3625649 0.3625649 0.3625649 0.3742994 0.4370908 0.4064734 0.3698086 0.3868335 0.3824978 0.3195812 0.3076960 0.3259842 0.3259842 0.3076960 0.3494213 0.3488958 0.3742892 0.3742892 0.3864305 0.3864305 0.3679640 0.3690696 0.3690696 0.3528039 0.3443087 0.3819422 0.3324111 0.3799118 0.5437082 0.5152978 0.3797914 0.3917251 0.3736823 0.3935821 0.3824336 0.3862377 0.3748048 0.3862177 
Lemna_minuta_strain_8634           0.2372171 0.2372171 0.1056936 0.1057949 0.1024534 0.1542312 0.1680490 0.1641548 0.1641548 0.1304111 0.1304111 0.1304111 0.1304111 0.1304111 0.1641548 0.1402236 0.1304111 0.1339380 0.0000010 0.0000010 0.0000010 0.0000010 0.0000010 0.0022326 0.0000010 0.0000010 0.0000000 0.1510348 0.0997169 0.0997169 0.1120203 0.1231517 0.1539278 0.1539278 0.1417845 0.1417845 0.0095684 0.0071782 0.0119917 0.0071877 0.0120145 0.0120145 0.0071707 0.0113234 0.0067671 0.0000010 0.0095684 0.0144398 0.0090204 0.0090204 0.0136078 0.2070532 0.2070532 0.2070532 0.2312507 0.2323266 0.2300308 0.2306392 0.2306392 0.3936195 0.4645670 0.4249117 0.4196647 0.3862558 0.3811944 0.3810713 0.3277007 0.3497663 0.3404619 0.4216291 0.4216291 0.4214810 0.4216291 0.5597131 0.4435227 0.4262462 0.3802384 0.3744038 0.3744038 0.3931606 0.3809741 0.4249571 0.3625649 0.3625649 0.3625649 0.3625649 0.3625649 0.3625649 0.3742994 0.4370908 0.4064734 0.3698086 0.3868335 0.3824978 0.3195812 0.3076960 0.3259842 0.3259842 0.3076960 0.3494213 0.3488958 0.3742892 0.3742892 0.3864305 0.3864305 0.3679640 0.3690696 0.3690696 0.3528039 0.3443087 0.3819422 0.3324111 0.3799118 0.5437082 0.5152978 0.3797914 0.3917251 0.3736823 0.3935821 0.3824336 0.3862377 0.3748048 0.3862177 
Lemna_obscura_strain_7856          0.1709950 0.1709950 0.1506164 0.1440509 0.1403829 0.0719889 0.0719519 0.0691045 0.0691045 0.0341475 0.0341475 0.0341475 0.0341475 0.0341475 0.0691045 0.0296055 0.0341475 0.0316874 0.1508285 0.1508285 0.1508285 0.1508285 0.1508285 0.1472493 0.1510348 0.1510348 0.1510348 0.0000000 0.1476989 0.1476989 0.1748902 0.1843262 0.0442420 0.0442420 0.0393279 0.0393279 0.1499523 0.1424010 0.1536230 0.1469308 0.1536230 0.1536230 0.1466279 0.1536688 0.1430833 0.1510348 0.1499523 0.1535367 0.1502081 0.1502081 0.1535875 0.2085631 0.2085631 0.2085631 0.1623895 0.1671927 0.1616127 0.1620002 0.1620002 0.3541253 0.4050252 0.3568312 0.3419657 0.3533696 0.3599881 0.3598698 0.3258301 0.3525791 0.3376488 0.3854621 0.3854621 0.3853275 0.3854621 0.5149048 0.4194426 0.4029113 0.3538658 0.3483216 0.3483216 0.3660938 0.3545222 0.3895426 0.3369746 0.3369746 0.3369746 0.3369746 0.3369746 0.3369746 0.3537015 0.4133627 0.3722205 0.3469178 0.3589407 0.3547799 0.2858376 0.3199216 0.3382961 0.3382961 0.3199216 0.3500920 0.3273653 0.3408420 0.3408420 0.3522116 0.3522116 0.3452497 0.3302394 0.3302394 0.3429252 0.3346381 0.3450681 0.3429252 0.3429417 0.4998113 0.4925241 0.3460043 0.3627397 0.3466121 0.3472143 0.3369287 0.3344310 0.3412697 0.3462698 
Lemna_perpusilla_strain_8473       0.2108285 0.2108285 0.0119515 0.0023262 0.0000010 0.1595398 0.1597182 0.1560549 0.1560549 0.1217235 0.1217235 0.1300520 0.1217235 0.1217235 0.1444427 0.1403960 0.1300520 0.1337416 0.0948862 0.0948862 0.0948862 0.0948862 0.0948862 0.0962000 0.0997169 0.0997169 0.0997169 0.1476989 0.0000000 0.0000010 0.0344780 0.0407650 0.1473327 0.1473327 0.1459843 0.1459843 0.0943426 0.0885362 0.0972577 0.0918067 0.0972577 0.0972577 0.0916157 0.1023520 0.0925980 0.0997169 0.0943426 0.0972003 0.0940298 0.0940298 0.0968769 0.1676520 0.1676520 0.1676520 0.1829121 0.1847760 0.1829121 0.1829121 0.1829121 0.3539721 0.3666736 0.3381175 0.3472890 0.3653727 0.3753607 0.3753607 0.3367668 0.3451285 0.3435317 0.3529552 0.3529552 0.3528158 0.3529552 0.4384050 0.3538014 0.3831531 0.3659227 0.3659227 0.3659227 0.3728357 0.3728357 0.4127010 0.3075677 0.3075677 0.3075677 0.3075677 0.3075677 0.3075677 0.3180036 0.3477098 0.3933333 0.3505909 0.3305308 0.3217409 0.3025784 0.2868796 0.2868796 0.2868796 0.2868796 0.2893414 0.3303893 0.3399576 0.3399576 0.3461545 0.3461545 0.3399576 0.3336925 0.3336925 0.2893414 0.2893414 0.3533582 0.2804595 0.3489865 0.4566429 0.4557704 0.3161613 0.3319490 0.3531651 0.3269171 0.3062306 0.3118381 0.3124724 0.3260961 
Lemna_perpusilla_strain_8539       0.2108285 0.2108285 0.0119515 0.0023262 0.0000010 0.1595398 0.1597182 0.1560549 0.1560549 0.1211620 0.1211620 0.1300520 0.1211620 0.1211620 0.1437462 0.1403960 0.1300520 0.1337416 0.0948862 0.0948862 0.0948862 0.0948862 0.0948862 0.0962000 0.0997169 0.0997169 0.0997169 0.1476989 0.0000010 0.0000000 0.0344070 0.0407650 0.1473327 0.1473327 0.1459843 0.1459843 0.0943426 0.0885362 0.0972577 0.0918067 0.0972577 0.0972577 0.0916157 0.1023520 0.0925980 0.0997169 0.0943426 0.0972003 0.0935960 0.0938124 0.0964289 0.1676520 0.1676520 0.1676520 0.1829121 0.1847760 0.1829121 0.1829121 0.1829121 0.3539721 0.3666736 0.3381175 0.3472890 0.3653727 0.3753607 0.3753607 0.3367668 0.3451285 0.3435317 0.3529552 0.3529552 0.3528158 0.3529552 0.4384050 0.3538014 0.3831531 0.3659227 0.3659227 0.3659227 0.3728357 0.3728357 0.4127010 0.3057412 0.3057412 0.3057412 0.3057412 0.3057412 0.3057412 0.3161089 0.3477098 0.3933333 0.3505909 0.3285803 0.3198459 0.3025784 0.2868796 0.2868796 0.2868796 0.2868796 0.2893414 0.3303893 0.3399576 0.3399576 0.3461545 0.3461545 0.3399576 0.3336925 0.3336925 0.2893414 0.2893414 0.3533582 0.2804595 0.3489865 0.4537947 0.4557704 0.3143067 0.3319490 0.3531651 0.3249852 0.3044402 0.3109203 0.3106374 0.3241762 
Lemna_tenera_strain_9020           0.2299548 0.2299548 0.0472693 0.0454750 0.0427429 0.1798286 0.1800372 0.1758756 0.1758756 0.1392131 0.1392131 0.1500362 0.1392131 0.1392131 0.1616903 0.1626130 0.1500362 0.1538502 0.1052982 0.1052982 0.1052982 0.1052982 0.1052982 0.1084343 0.1120203 0.1120203 0.1120203 0.1748902 0.0344780 0.0344070 0.0000000 0.0044359 0.1704354 0.1704354 0.1623706 0.1623706 0.0985521 0.0986986 0.1015177 0.1106755 0.1015177 0.1015177 0.1018997 0.1078313 0.1047451 0.1120203 0.0985521 0.1014580 0.0987574 0.0987574 0.1015918 0.2056596 0.2056596 0.2072296 0.2041964 0.2051592 0.2031058 0.2036497 0.2036497 0.4089536 0.4439502 0.4093163 0.3872118 0.4072887 0.4062186 0.4062186 0.3641630 0.3698759 0.3760053 0.3991363 0.3991363 0.3989893 0.3991363 0.5118084 0.4239451 0.4533089 0.4078735 0.4078735 0.4078735 0.4283410 0.4150789 0.4563155 0.3299951 0.3299951 0.3299951 0.3299951 0.3299951 0.3299951 0.3446590 0.3964572 0.4363082 0.3588443 0.3422605 0.3335360 0.3090665 0.3081788 0.3273841 0.3273841 0.3081788 0.2998024 0.3511221 0.3643169 0.3643169 0.3743437 0.3743437 0.3522270 0.3473306 0.3473306 0.3394862 0.3307960 0.3606696 0.3307960 0.3585696 0.4844672 0.4569287 0.3368240 0.3616539 0.3808069 0.3422917 0.3234103 0.3326449 0.3365332 0.3424165 
